000101,112220,112220,111710,111790,18605
000102,111800,111820,111600,111720,10247
000103,111730,111780,111630,111740,4381
000104,111740,111810,111680,111760,5780
000105,111760,111850,111750,111840,3479
000106,111840,111870,111770,111850,3275
000107,111850,111900,111770,111890,3386
000108,111900,111950,111860,111880,3070
000109,111890,111890,111830,111890,2834
000110,111890,111890,111790,111850,2126
000111,111850,111920,111820,111900,2161
000112,111900,112050,111880,111980,5254
000113,111980,112050,111960,112020,3326
000114,112020,112080,111980,112010,3240
000115,112010,112010,111930,111940,2991
000116,111940,112020,111930,112000,1707
000117,112000,112120,112000,112100,3731
000118,112100,112320,112100,112320,7482
000119,112320,112360,112240,112250,6058
000120,112260,112510,112240,112500,9278
000121,112510,112590,112420,112440,7003
000122,112430,112470,112380,112400,2325
000123,112410,112500,112370,112490,2420
000124,112490,112690,112490,112570,11755
000125,112570,112660,112560,112560,4494
000126,112570,112680,112510,112650,6319
000127,112650,112840,112590,112780,13344
000128,112780,112820,112690,112720,5050
000129,112720,112820,112660,112660,5355
000130,112660,112690,112630,112670,2343
000131,112660,112700,112600,112630,2975
000201,112640,112680,112620,112620,1820
000202,112620,112680,112600,112660,1887
000203,112660,112670,112530,112570,3175
000204,112560,112590,112520,112580,1687
000205,112580,112620,112530,112580,1191
000206,112580,112650,112560,112630,1606
000207,112630,112720,112630,112700,2758
000208,112710,112730,112680,112720,1717
000209,112710,112720,112630,112670,1621
000210,112670,112680,112600,112640,1850
000211,112640,112720,112620,112630,1864
000212,112630,112760,112630,112740,2222
000213,112760,112770,112670,112710,2729
000214,112710,112720,112610,112660,2268
000215,112670,112710,112620,112700,1065
000216,112710,112720,112680,112700,810
000217,112700,112740,112670,112710,945
000218,112700,112750,112670,112740,1577
000219,112750,112750,112650,112670,1836
000220,112670,112710,112650,112690,905
000221,112680,112690,112580,112620,1961
000222,112610,112630,112580,112590,835
000223,112590,112620,112560,112600,1581
000224,112600,112650,112590,112610,1275
000225,112620,112630,112550,112590,1186
000226,112590,112610,112550,112610,1313
000227,112600,112650,112570,112620,1238
000228,112620,112690,112580,112610,1908
000229,112610,112680,112600,112610,2042
000301,112620,112670,112570,112670,2078
000302,112670,112720,112600,112700,2115
000303,112700,112750,112660,112730,1881
000304,112730,112920,112690,112820,13841
000305,112820,112910,112790,112890,2493
000306,112890,112930,112820,112930,4664
000307,112930,112970,112860,112960,4269
000308,112970,112980,112890,112930,2389
000309,112930,112940,112820,112880,2822
000310,112880,112930,112830,112920,2799
000311,112920,112960,112850,112860,2358
000312,112880,112930,112860,112890,1913
000313,112900,112960,112880,112900,2044
000314,112900,112930,112860,112870,957
000315,112870,113090,112870,113090,6590
000316,113090,113120,112920,112930,6209
000317,112940,112990,112880,112920,3491
000318,112910,112960,112850,112940,4897
000319,112940,112980,112900,112940,2326
000320,112940,112960,112810,112920,4726
000321,112910,112950,112860,112900,2138
000322,112910,112960,112850,112860,1969
000323,112870,112880,112780,112830,2958
000324,112830,112870,112730,112800,4576
000325,112790,112880,112740,112860,3204
000326,112860,112880,112780,112800,2435
000327,112810,112840,112770,112800,960
000328,112800,112810,112720,112760,2869
000329,112760,112800,112670,112690,3207
000330,112680,112690,112560,112580,7263
000331,112570,112600,112480,112500,6560
000401,112500,112580,112480,112540,3433
000402,112550,112580,112500,112550,3339
000403,112550,112620,112530,112610,2669
000404,112610,112620,112560,112610,1884
000405,112600,112600,112530,112570,1959
000406,112580,112620,112500,112540,3316
000407,112560,112560,112280,112340,12777
000408,112340,112390,112260,112340,5209
000409,112330,112360,112280,112350,3446
000410,112330,112380,112300,112340,3626
000411,112340,112340,112220,112230,6437
000412,112220,112260,112160,112240,7821
000413,112220,112250,112190,112200,4157
000414,112170,112200,111940,112140,9360
000415,112130,112190,111900,111930,7480
000416,111930,112050,111880,112010,3775
000417,112010,112030,111950,112000,1444
000418,111990,112050,111950,112030,1968
000419,112030,112040,111950,112000,1394
000420,112000,112080,111980,112020,2629
000421,112020,112110,112020,112090,2147
000422,112090,112110,112040,112090,637
000423,112090,112150,112090,112140,749
000424,112130,112220,112130,112200,2541
000425,112210,112220,112120,112120,725
000426,112120,112200,112110,112160,723
000427,112150,112170,112120,112130,248
000428,112130,112240,112130,112210,951
000429,112210,112260,112200,112200,1161
000430,112210,112230,112130,112140,667
000501,112150,112190,112130,112170,210
000502,112170,112220,112140,112220,413
000503,112210,112230,112200,112220,196
000504,112230,112240,112190,112200,286
000505,112200,112250,112200,112240,581
000506,112240,112270,112220,112260,694
000507,112260,112280,112250,112270,527
000508,112260,112280,112230,112270,454
000509,112260,112280,112230,112230,519
000510,112240,112250,112190,112190,391
000511,112200,112200,112070,112180,1913
000512,112170,112210,112150,112190,930
000513,112170,112280,112170,112240,1179
000514,112250,112280,112240,112250,498
000515,112250,112250,112230,112250,260
000516,112240,112290,112210,112220,653
000517,112230,112290,112220,112270,350
000518,112260,112340,112250,112320,962
000519,112320,112390,112310,112350,1579
000520,112340,112360,112300,112340,656
000521,112350,112350,112320,112340,171
000522,112350,112370,112280,112290,727
000523,112290,112320,112230,112230,730
000524,112230,112260,112200,112260,629
000525,112260,112260,112220,112240,189
000526,112230,112240,112210,112240,237
000527,112230,112310,112230,112310,305
000528,112300,112350,112280,112350,310
000529,112340,112440,112330,112400,1288
000530,112390,112410,112380,112400,309
000531,112400,112460,112390,112450,627
000601,112440,112450,112430,112440,289
000602,112440,112450,112430,112440,182
000603,112440,112470,112430,112450,364
000604,112440,112480,112420,112480,549
000605,112480,112490,112440,112450,355
000606,112460,112460,112410,112420,450
000607,112420,112470,112410,112460,217
000608,112470,112490,112420,112450,520
000609,112460,112480,112380,112420,1204
000610,112450,112480,112280,112370,9013
000611,112380,112380,112110,112240,8611
000612,112240,112360,112200,112360,4353
000613,112360,112450,112240,112250,4629
000614,112250,112250,112060,112160,6304
000615,112170,112290,112120,112240,3755
000616,112240,112360,112190,112330,3123
000617,112330,112350,112260,112310,1623
000618,112310,112500,112310,112400,4929
000619,112410,112450,112310,112350,3670
000620,112360,112450,112350,112450,1690
000621,112450,112590,112400,112560,4426
000622,112570,112670,112500,112650,4977
000623,112650,112710,112550,112550,6523
000624,112550,112680,112550,112640,5739
000625,112640,112680,112610,112660,2294
000626,112670,112680,112600,112650,1428
000627,112650,112680,112570,112670,2329
000628,112670,112760,112650,112700,5119
000629,112700,112750,112650,112700,2417
000630,112700,112730,112660,112730,1501
000701,112730,112790,112710,112770,2285
000702,112780,112800,112760,112780,2160
000703,112780,112840,112720,112810,4205
000704,112790,112910,112780,112830,4226
000705,112830,112880,112820,112830,1723
000706,112840,112880,112810,112850,2325
000707,112850,112880,112720,112720,3895
000708,112730,112800,112720,112750,2328
000709,112740,112790,112720,112770,1579
000710,112770,112870,112730,112810,2520
000711,112820,112850,112810,112840,1060
000712,112840,112870,112780,112850,1051
000713,112840,112910,112820,112840,1700
000714,112840,112950,112840,112890,3915
000715,112890,112930,112780,112800,2843
000716,112810,112850,112760,112790,2196
000717,112780,112800,112740,112780,1892
000718,112790,112810,112740,112740,1533
000719,112740,112810,112730,112800,2279
000720,112790,112830,112760,112820,1128
000721,112830,112890,112830,112870,1209
000722,112870,112880,112810,112840,900
000723,112840,112860,112820,112840,755
000724,112840,112890,112840,112860,1459
000725,112870,112980,112860,112970,3048
000726,112970,112980,112870,112870,1838
000727,112870,112880,112760,112800,2711
000728,112800,112820,112670,112790,4519
000729,112800,112900,112790,112830,3878
000730,112840,112900,112810,112850,1922
000731,112850,112870,112830,112840,872
000801,112840,112890,112830,112840,1792
000802,112850,112870,112710,112750,4267
000803,112760,112770,112660,112670,2545
000804,112680,112740,112660,112700,2642
000805,112700,112770,112610,112720,1873
000806,112720,112750,112700,112700,820
000807,112700,112730,112670,112720,979
000808,112720,112760,112690,112730,1774
000809,112730,112770,112690,112690,932
000810,112700,112750,112670,112690,1215
000811,112690,112730,112670,112720,1394
000812,112710,112860,112690,112850,3879
000813,112850,112880,112810,112820,1771
000814,112830,113060,112800,113010,10197
000815,113010,113130,112950,112990,8035
000816,112990,113060,112890,113030,4355
000817,113030,113250,113020,113210,8510
000818,113210,113270,113120,113210,5967
000819,113210,113320,113120,113270,6102
000820,113260,113300,113160,113270,6712
000821,113270,113320,113240,113290,3262
000822,113280,113370,113240,113270,4019
000823,113260,113350,113220,113230,2393
000824,113230,113270,113130,113140,3543
000825,113150,113210,113100,113150,2156
000826,113150,113230,113100,113220,2817
000827,113230,113230,113120,113130,3176
000828,113140,113190,113130,113180,1347
000829,113170,113270,113150,113200,5734
000830,113200,113220,113030,113180,8550
000831,113170,113210,113100,113130,2477
000901,113110,113300,113100,113280,5199
000902,113270,113330,113230,113230,3377
000903,113240,113280,113190,113270,1676
000904,113270,113290,113200,113230,927
000905,113240,113300,113200,113230,1333
000906,113230,113390,113230,113360,3756
000907,113360,113470,113330,113470,4249
000908,113470,113570,113420,113440,7307
000909,113450,113470,113360,113420,3995
000910,113420,113450,113360,113370,1977
000911,113370,113390,113320,113350,2987
000912,113340,113380,113310,113340,3222
000913,113340,113430,113330,113360,3027
000914,113360,113400,113320,113340,1590
000915,113340,113450,113320,113410,2080
000916,113420,113450,113340,113340,2878
000917,113350,113420,113350,113380,1151
000918,113380,113430,113340,113410,2105
000919,113410,113660,113360,113620,7471
000920,113630,113640,113420,113430,4586
000921,113440,113450,113340,113450,3882
000922,113390,113420,113200,113300,5197
000923,113300,113330,113290,113320,637
000924,113310,113330,113240,113290,1669
000925,113280,113340,113280,113320,930
000926,113320,113340,113280,113310,598
000927,113300,113340,113280,113340,442
000928,113330,113340,113300,113310,279
000929,113310,113370,113310,113330,711
000930,113330,113370,113330,113340,551
001001,113330,113340,113290,113310,425
001002,113320,113330,113300,113300,112
001003,113300,113310,113270,113300,371
001004,113290,113350,113290,113340,412
001005,113340,113410,113320,113370,665
001006,113370,113390,113290,113290,439
001007,113290,113320,113260,113310,513
001008,113310,113320,113280,113280,79
001009,113300,113340,113300,113330,375
001010,113330,113350,113300,113350,219
001011,113350,113360,113330,113350,162
001012,113360,113390,113340,113350,258
001013,113350,113380,113320,113340,363
001014,113330,113360,113320,113340,207
001015,113340,113350,113300,113310,273
001016,113320,113370,113310,113350,401
001017,113350,113430,113340,113380,668
001018,113380,113450,113370,113420,821
001019,113420,113440,113390,113410,327
001020,113410,113430,113390,113430,135
001021,113430,113530,113430,113480,1142
001022,113500,113520,113430,113430,1102
001023,113450,113450,113420,113440,119
001024,113430,113430,113400,113410,188
001025,113400,113510,113400,113480,890
001026,113480,113500,113450,113450,306
001027,113460,113460,113400,113410,344
001028,113400,113400,113320,113390,1187
001029,113380,113480,113380,113430,979
001030,113440,113440,113420,113430,121
001031,113430,113450,113420,113440,265
001101,113430,113460,113420,113460,222
001102,113450,113470,113440,113440,349
001103,113440,113450,113410,113410,163
001104,113410,113430,113380,113390,330
001105,113390,113390,113360,113360,238
001106,113360,113400,113350,113400,294
001107,113400,113440,113380,113380,442
001108,113390,113430,113360,113360,832
001109,113360,113390,113360,113360,236
001110,113360,113390,113350,113370,195
001111,113380,113420,113380,113380,265
001112,113390,113390,113370,113380,233
001113,113380,113410,113370,113400,475
001114,113390,113400,113370,113370,190
001115,113380,113380,113350,113360,558
001116,113360,113370,113350,113350,328
001117,113350,113380,113330,113370,948
001118,113360,113390,113330,113380,1457
001119,113330,113470,113250,113320,8001
001120,113330,113380,113230,113340,4068
001121,113340,113490,113330,113410,5221
001122,113400,113410,113250,113250,4712
001123,113260,113340,113200,113230,3253
001124,113230,113350,113160,113240,4945
001125,113240,113290,113140,113180,3688
001126,113190,113310,113130,113300,2961
001127,113300,113320,113210,113250,2850
001128,113270,113280,113140,113140,2074
001129,113140,113260,113140,113260,1922
001130,113250,113340,113230,113270,2399
001201,113260,113310,113220,113310,1437
001202,113310,113400,113290,113310,3220
001203,113310,113360,113230,113240,1939
001204,113240,113240,113060,113130,6004
001205,113130,113190,113090,113150,3383
001206,113140,113170,113070,113120,2767
001207,113130,113140,113080,113140,2090
001208,113130,113260,113120,113240,3099
001209,113250,113280,113220,113270,1414
001210,113270,113320,113220,113320,1434
001211,113320,113360,113290,113360,1983
001212,113360,113390,113300,113340,2119
001213,113330,113350,113280,113330,1382
001214,113320,113320,113200,113230,1952
001215,113230,113270,113200,113210,1104
001216,113200,113290,113200,113280,1261
001217,113280,113340,113270,113270,1401
001218,113270,113290,113230,113270,979
001219,113260,113290,113240,113270,731
001220,113270,113320,113270,113300,732
001221,113300,113330,113270,113280,599
001222,113280,113330,113250,113330,974
001223,113330,113330,113260,113260,1055
001224,113260,113300,113210,113210,1671
001225,113210,113250,113150,113150,3874
001226,113160,113190,113020,113050,5936
001227,113050,113090,113020,113040,2178
001228,113030,113030,112940,112970,5016
001229,112960,113010,112930,112990,2797
001230,112990,113050,112980,113020,1829
001231,113020,113130,113000,113130,2868
010101,113120,113140,113080,113090,1428
010102,113090,113160,113090,113100,1353
010103,113090,113120,113020,113060,1593
010104,113060,113080,112990,113040,1560
010105,113040,113070,112990,113060,1412
010106,113070,113140,113050,113130,1824
010107,113130,113140,113030,113090,1689
010108,113070,113090,113020,113040,1083
010109,113040,113050,112950,112970,2278
010110,112970,113040,112940,113030,2027
010111,113020,113040,112990,113010,1161
010112,113000,113070,112970,113060,1413
010113,113060,113070,112970,113000,1899
010114,112990,112990,112820,112870,7331
010115,112870,112910,112830,112900,1859
010116,112890,112960,112880,112910,3596
010117,112910,112940,112870,112930,2216
010118,112930,112930,112840,112880,1414
010119,112870,112950,112820,112950,2707
010120,112950,112960,112870,112930,2486
010121,112930,113000,112920,112990,4246
010122,113000,113040,112960,113020,2610
010123,113020,113090,112990,113050,2414
010124,113050,113100,113000,113000,1740
010125,113000,113080,112940,112940,1679
010126,112940,112980,112900,112960,2087
010127,112960,113000,112860,112910,2478
010128,112910,113000,112880,112970,2062
010129,112970,113080,112960,113060,2744
010130,113060,113130,113040,113110,2559
010131,113100,113110,113050,113060,1223
010201,113050,113070,112950,113000,4084
010202,113000,113100,112960,113050,2801
010203,113050,113080,112970,112970,2732
010204,112970,113020,112920,112980,3175
010205,112990,113040,112950,113030,2741
010206,113040,113060,112990,113050,1659
010207,113050,113070,112970,112980,2007
010208,112990,113020,112960,112970,1399
010209,112970,112970,112860,112860,3270
010210,112860,112910,112780,112910,7587
010211,112910,112990,112850,112980,4344
010212,112980,113000,112900,112940,1868
010213,112950,113000,112920,112940,2420
010214,112930,112970,112880,112900,1786
010215,112900,112920,112840,112880,1985
010216,112890,112990,112870,112980,2331
010217,112970,112980,112910,112930,1188
010218,112930,112950,112850,112870,1642
010219,112870,112890,112820,112860,2075
010220,112860,112880,112810,112810,1843
010221,112810,112830,112720,112740,6202
010222,112730,112770,112690,112770,4285
010223,112760,112810,112750,112750,1881
010224,112760,112800,112750,112760,1562
010225,112750,112760,112700,112720,2038
010226,112720,112770,112700,112760,2903
010227,112750,112840,112720,112840,3160
010228,112830,112890,112830,112860,3034
010301,112870,112970,112850,112930,4581
010302,112930,112950,112880,112880,2164
010303,112890,112950,112780,112850,4624
010304,112850,112940,112840,112930,918
010305,112920,112940,112890,112900,1227
010306,112900,112960,112840,112950,2577
010307,112960,113100,112950,113090,3198
010308,113080,113160,113040,113130,2723
010309,113120,113210,113120,113150,1685
010310,113150,113170,113110,113150,860
010311,113150,113180,113110,113120,1090
010312,113120,113160,113080,113090,887
010313,113090,113100,113030,113060,1331
010314,113050,113100,113010,113060,999
010315,113060,113100,112960,113010,1913
010316,113000,113070,113000,113030,581
010317,113020,113050,113000,113030,322
010318,113030,113040,112960,112960,404
010319,112960,112990,112910,112970,1482
010320,112960,112960,112920,112950,390
010321,112950,112960,112850,112880,1739
010322,112880,112930,112860,112910,647
010323,112900,112930,112880,112910,255
010324,112910,112960,112900,112930,708
010325,112940,112980,112930,112960,605
010326,112960,112970,112930,112970,284
010327,112960,112970,112910,112940,297
010328,112940,113020,112930,112980,801
010329,112980,112980,112880,112890,1408
010330,112890,112900,112830,112860,920
010331,112850,112890,112810,112890,1290
010401,112890,112960,112890,112950,809
010402,112960,113010,112950,112990,1500
010403,112990,113010,112980,113000,246
010404,113000,113050,112990,113020,942
010405,113030,113050,113010,113030,193
010406,113030,113030,112930,112930,1133
010407,112930,112980,112920,112930,445
010408,112920,112950,112870,112870,708
010409,112880,112920,112860,112920,352
010410,112920,112950,112890,112890,594
010411,112890,112900,112840,112880,737
010412,112880,112900,112870,112880,390
010413,112880,112920,112880,112910,474
010414,112880,112910,112880,112900,183
010415,112900,112930,112890,112930,276
010416,112930,112930,112840,112840,580
010417,112860,112860,112820,112830,658
010418,112840,112850,112790,112810,1186
010419,112800,112810,112720,112760,1962
010420,112770,112790,112720,112750,779
010421,112750,112770,112730,112760,263
010422,112770,112790,112760,112770,258
010423,112770,112780,112750,112770,330
010424,112770,112800,112760,112800,299
010425,112780,112830,112780,112820,573
010426,112820,112830,112800,112820,584
010427,112820,112870,112800,112860,432
010428,112870,112880,112840,112850,823
010429,112850,112850,112770,112800,996
010430,112770,112910,112620,112850,8188
010501,112850,112990,112810,112960,4717
010502,112960,113000,112920,112940,2469
010503,112950,113120,112930,113100,5125
010504,113110,113210,113050,113170,6469
010505,113170,113290,113140,113210,6052
010506,113220,113260,113200,113220,3669
010507,113220,113220,113100,113140,3690
010508,113160,113160,113060,113100,3343
010509,113110,113150,113080,113080,1569
010510,113080,113120,113050,113110,1721
010511,113110,113150,113080,113120,1997
010512,113110,113200,113110,113200,3244
010513,113200,113240,113140,113180,2300
010514,113180,113230,113160,113210,1483
010515,113220,113260,113110,113110,2670
010516,113110,113170,113070,113120,3638
010517,113130,113160,113090,113130,1300
010518,113140,113190,113130,113160,1928
010519,113160,113220,113140,113180,1351
010520,113170,113200,113140,113160,1480
010521,113180,113180,113080,113120,2637
010522,113120,113210,113110,113200,1905
010523,113210,113210,113100,113110,1327
010524,113110,113150,113100,113140,1408
010525,113130,113130,112960,112980,5930
010526,112970,113040,112950,113030,3389
010527,113030,113060,113010,113020,1342
010528,113020,113030,112970,113010,1533
010529,113010,113060,112990,113050,997
010530,113040,113060,112960,112980,1263
010531,112970,113010,112960,113000,763
010601,113000,113040,112970,113000,1124
010602,112990,113000,112850,112890,4004
010603,112890,112920,112830,112840,3150
010604,112840,112920,112810,112910,3767
010605,112910,112920,112880,112900,1137
010606,112900,112920,112870,112910,982
010607,112910,112930,112880,112900,1358
010608,112900,112900,112850,112860,1067
010609,112870,112890,112820,112820,1562
010610,112830,112910,112810,112910,1960
010611,112910,112920,112860,112860,1122
010612,112870,112910,112860,112890,571
010613,112890,112970,112880,112970,2206
010614,112970,112990,112930,112960,1425
010615,112960,112990,112940,112970,886
010616,112960,112980,112940,112960,666
010617,112980,113050,112960,113040,1712
010618,113030,113080,113030,113030,1943
010619,113030,113050,113000,113010,949
010620,113000,113000,112910,112920,2085
010621,112930,112930,112880,112890,1155
010622,112890,112920,112880,112900,1203
010623,112900,112980,112860,112970,2331
010624,112970,113000,112950,112970,1149
010625,112970,112980,112930,112970,519
010626,112960,112970,112930,112940,394
010627,112930,112980,112920,112970,698
010628,112970,113000,112940,112960,1086
010629,112950,112980,112920,112930,711
010630,112930,112980,112910,112970,1077
010701,112970,112980,112910,112910,819
010702,112910,112940,112840,112850,2173
010703,112870,112870,112720,112720,5790
010704,112720,112740,112580,112670,8857
010705,112670,112670,112560,112610,5125
010706,112610,112680,112570,112680,3226
010707,112670,112680,112600,112620,2732
010708,112610,112690,112580,112680,2371
010709,112670,112690,112640,112640,1430
010710,112640,112710,112620,112690,3417
010711,112690,112710,112660,112710,1398
010712,112700,112730,112660,112680,1251
010713,112690,112710,112670,112680,1082
010714,112680,112740,112660,112730,1893
010715,112740,112850,112720,112820,4696
010716,112810,112860,112790,112850,2207
010717,112850,112960,112820,112960,3121
010718,112970,112990,112900,112920,2516
010719,112920,113040,112910,113030,3354
010720,113030,113310,113030,113230,13615
010721,113230,113300,113150,113200,5974
010722,113200,113280,113190,113250,4663
010723,113250,113390,113250,113340,8251
010724,113340,113380,113260,113300,5008
010725,113300,113320,113250,113260,2888
010726,113260,113280,113190,113250,3191
010727,113250,113260,113140,113190,3168
010728,113200,113240,113100,113120,4549
010729,113110,113180,113080,113120,2630
010730,113120,113170,113100,113140,2860
010731,113140,113140,113060,113130,1966
010801,113130,113190,113120,113150,1760
010802,113140,113190,113030,113030,2419
010803,113040,113060,112920,112930,4495
010804,112920,112920,112810,112840,5511
010805,112830,112890,112750,112750,5949
010806,112750,112890,112670,112840,5100
010807,112840,112920,112820,112910,2610
010808,112910,112950,112870,112880,1981
010809,112880,112920,112820,112860,3029
010810,112850,112940,112790,112870,4840
010811,112860,112930,112850,112930,2060
010812,112870,112990,112870,112880,3667
010813,112880,112930,112880,112900,824
010814,112900,112930,112900,112910,468
010815,112920,112920,112870,112880,659
010816,112870,112880,112820,112820,695
010817,112810,112870,112810,112850,713
010818,112850,112860,112790,112800,1593
010819,112810,112880,112810,112870,955
010820,112880,112890,112860,112890,465
010821,112890,112940,112890,112940,808
010822,112940,113060,112920,113050,2301
010823,113050,113100,113010,113070,1988
010824,113070,113100,113030,113030,969
010825,113040,113080,113020,113080,475
010826,113070,113080,113030,113030,284
010827,113040,113080,113030,113070,284
010828,113060,113090,113050,113080,284
010829,113080,113090,113030,113030,342
010830,113040,113060,113020,113030,356
010831,113040,113050,113020,113030,353
010901,113030,113070,113020,113050,485
010902,113050,113060,113030,113040,165
010903,113040,113060,113030,113040,150
010904,113050,113060,113020,113030,273
010905,113040,113060,112990,113010,781
010906,113000,113010,112890,112910,1487
010907,112910,112960,112900,112940,874
010908,112930,112940,112850,112870,943
010909,112860,112900,112850,112900,921
010910,112900,112960,112860,112950,862
010911,112950,112950,112920,112920,359
010912,112920,112940,112900,112900,409
010913,112910,112940,112890,112940,350
010914,112930,112950,112930,112950,111
010915,112950,112970,112930,112970,196
010916,112960,112970,112930,112930,129
010917,112940,112940,112910,112930,400
010918,112930,112930,112900,112910,134
010919,112910,112910,112880,112890,216
010920,112880,112910,112850,112900,536
010921,112890,112930,112880,112910,390
010922,112900,112940,112900,112930,268
010923,112930,112940,112910,112910,246
010924,112920,112930,112900,112920,348
010925,112920,112940,112890,112930,666
010926,112930,112970,112920,112960,515
010927,112960,113010,112940,113010,579
010928,113010,113050,112970,113050,1039
010929,113030,113090,113030,113050,1057
010930,113040,113050,113000,113040,382
011001,113040,113040,113010,113010,55
011002,113010,113020,112990,113000,423
011003,113000,113010,112980,112980,251
011004,112990,112990,112970,112980,114
011005,112970,113030,112960,112960,1111
011006,112970,112990,112960,112970,269
011007,112970,112990,112950,112950,440
011008,112960,112980,112880,112890,1303
011009,112960,113220,112910,113080,9503
011010,113080,113160,113030,113070,4451
011011,113060,113120,112930,113110,3790
011012,113110,113190,113070,113140,3172
011013,113130,113260,113110,113110,3797
011014,113120,113150,113070,113090,3328
011015,113090,113130,112990,113070,3952
011016,113060,113130,113030,113120,2045
011017,113120,113230,113070,113080,5971
011018,113100,113160,113090,113140,2219
011019,113150,113160,113110,113140,1487
011020,113140,113160,113010,113010,2771
011021,113020,113030,112810,112870,9526
011022,112880,112880,112750,112760,4533
011023,112760,112860,112740,112770,4817
011024,112780,112830,112710,112790,4780
011025,112780,112880,112770,112840,3592
011026,112840,112880,112830,112850,1769
011027,112840,112890,112820,112870,2535
011028,112870,112950,112850,112930,2468
011029,112920,112950,112900,112900,1396
011030,112910,112990,112850,112980,2537
011031,112970,112990,112930,112950,1286
011101,112950,112990,112910,112970,1476
011102,112960,113000,112920,112990,1659
011103,112990,113010,112940,112940,2110
011104,112940,112970,112920,112920,999
011105,112920,112940,112870,112870,1795
011106,112870,112900,112860,112900,939
011107,112910,112950,112900,112910,1058
011108,112920,112970,112900,112950,942
011109,112960,112970,112900,112940,746
011110,112940,112960,112920,112950,827
011111,112950,113000,112940,112970,1153
011112,112970,113110,112960,113060,4477
011113,113070,113070,113000,113010,1682
011114,113010,113020,113000,113010,2022
011115,113010,113080,112950,113050,4630
011116,113060,113080,113020,113080,3082
011117,113080,113160,113020,113110,4476
011118,113110,113130,113040,113080,2633
011119,113080,113110,113060,113060,1080
011120,113080,113120,113020,113120,1853
011121,113120,113190,113110,113120,3478
011122,113120,113160,113100,113140,1123
011123,113140,113220,113140,113200,3087
011124,113200,113380,113170,113300,6929
011125,113290,113380,113270,113350,4145
011126,113340,113370,113290,113330,4362
011127,113330,113370,113290,113290,2892
011128,113290,113330,113280,113300,1472
011129,113300,113400,113300,113340,2838
011130,113350,113430,113330,113400,3472
011201,113410,113450,113360,113380,2803
011202,113390,113460,113370,113450,1514
011203,113450,113480,113410,113480,2319
011204,113480,113520,113440,113450,2634
011205,113460,113520,113440,113500,1540
011206,113500,113550,113450,113470,2972
011207,113470,113540,113460,113500,1663
011208,113490,113580,113490,113570,1816
011209,113570,113750,113540,113710,8678
011210,113710,113720,113560,113570,6236
011211,113570,113640,113560,113590,3064
011212,113590,113610,113510,113520,2567
011213,113530,113560,113470,113560,2966
011214,113560,113590,113500,113500,2441
011215,113500,113570,113480,113540,1271
011216,113540,113570,113500,113540,1600
011217,113540,113580,113510,113560,1664
011218,113540,113590,113530,113570,1570
011219,113570,113630,113440,113490,4743
011220,113490,113560,113470,113540,1706
011221,113550,113560,113500,113560,979
011222,113550,113570,113510,113520,777
011223,113520,113600,113510,113600,1784
011224,113580,113610,113540,113550,1604
011225,113540,113620,113510,113590,2801
011226,113590,113630,113560,113580,2022
011227,113590,113590,113440,113440,1946
011228,113440,113460,113350,113350,3491
011229,113360,113430,113350,113410,2158
011230,113420,113470,113410,113470,1288
011231,113460,113470,113350,113380,3179
020101,113380,113390,113220,113300,6626
020102,113300,113350,113270,113350,3529
020103,113350,113430,113310,113420,2761
020104,113430,113490,113400,113440,2160
020105,113440,113470,113410,113430,2765
020106,113440,113690,113430,113600,12037
020107,113580,113650,113490,113560,5706
020108,113560,113630,113530,113590,2110
020109,113600,113610,113550,113580,2461
020110,113570,113590,113500,113550,2447
020111,113540,113590,113490,113580,2225
020112,113590,113640,113560,113560,2470
020113,113560,113600,113480,113480,1713
020114,113480,113540,113450,113540,2655
020115,113540,113580,113490,113490,2950
020116,113490,113540,113450,113540,2464
020117,113530,113610,113520,113580,2827
020118,113590,113640,113560,113580,3683
020119,113590,113600,113530,113590,1409
020120,113600,113660,113540,113650,2173
020121,113660,113930,113650,113660,6604
020122,113650,113670,113550,113640,1981
020123,113630,113640,113560,113560,871
020124,113570,113600,113560,113580,566
020125,113580,113620,113470,113480,2733
020126,113480,113480,113410,113450,1869
020127,113450,113490,113390,113400,1903
020128,113410,113500,113400,113500,1167
020129,113490,113520,113380,113410,2096
020130,113420,113500,113390,113490,1987
020131,113480,113530,113480,113510,545
020201,113510,113530,113490,113510,350
020202,113490,113510,113430,113450,762
020203,113460,113480,113430,113470,314
020204,113470,113480,113430,113440,233
020205,113440,113460,113430,113460,268
020206,113460,113540,113460,113510,974
020207,113520,113600,113510,113550,1608
020208,113550,113600,113530,113560,697
020209,113560,113580,113480,113500,901
020210,113500,113520,113470,113480,495
020211,113490,113490,113440,113440,325
020212,113450,113510,113440,113500,647
020213,113500,113510,113470,113490,354
020214,113490,113520,113450,113520,387
020215,113510,113540,113470,113480,386
020216,113470,113490,113450,113450,464
020217,113450,113450,113410,113430,677
020218,113430,113450,113410,113430,449
020219,113430,113460,113420,113440,1042
020220,113440,113440,113400,113420,594
020221,113410,113440,113400,113400,338
020222,113400,113410,113380,113390,585
020223,113380,113390,113360,113390,829
020224,113390,113440,113380,113430,398
020225,113440,113470,113410,113460,581
020226,113460,113470,113440,113450,383
020227,113450,113470,113430,113460,469
020228,113460,113500,113450,113490,480
020301,113500,113500,113460,113480,276
020302,113470,113480,113460,113480,170
020303,113470,113480,113420,113430,585
020304,113440,113460,113430,113450,107
020305,113430,113470,113430,113460,411
020306,113470,113470,113430,113430,106
020307,113450,113490,113430,113470,427
020308,113470,113480,113430,113450,284
020309,113450,113460,113420,113450,343
020310,113450,113470,113440,113440,272
020311,113440,113460,113440,113450,235
020312,113460,113460,113440,113460,222
020313,113450,113450,113420,113440,426
020314,113420,113440,113420,113430,162
020315,113440,113440,113430,113430,70
020316,113440,113440,113360,113390,980
020317,113390,113400,113350,113400,640
020318,113380,113400,113360,113360,454
020319,113380,113380,113310,113320,1389
020320,113350,113520,113280,113470,6335
020321,113480,113550,113440,113500,3210
020322,113500,113580,113490,113500,3006
020323,113510,113530,113460,113510,2665
020324,113500,113700,113490,113680,4394
020325,113670,113690,113620,113640,1885
020326,113640,113660,113580,113630,1595
020327,113630,113680,113550,113560,2141
020328,113560,113680,113560,113670,1847
020329,113680,113690,113610,113620,1475
020330,113610,113620,113360,113390,6427
020331,113390,113460,113300,113390,4580
020401,113380,113400,113190,113250,8061
020402,113250,113350,113190,113330,3567
020403,113340,113380,113280,113340,2103
020404,113340,113390,113260,113390,2031
020405,113390,113490,113370,113490,3257
020406,113480,113490,113390,113420,1820
020407,113420,113620,113410,113580,6195
020408,113580,113600,113540,113570,2306
020409,113570,113680,113570,113650,5351
020410,113650,113780,113600,113750,6122
020411,113760,113840,113730,113800,5039
020412,113800,113830,113730,113770,2570
020413,113780,113820,113730,113820,3185
020414,113820,113900,113800,113870,5947
020415,113870,113940,113790,113830,6339
020416,113830,113850,113730,113840,5087
020417,113850,113860,113740,113740,2840
020418,113740,113840,113730,113820,2358
020419,113820,113840,113740,113780,1739
020420,113780,113780,113680,113710,2480
020421,113710,113790,113670,113780,3147
020422,113780,113780,113660,113720,1609
020423,113710,113760,113700,113740,1632
020424,113740,113820,113740,113750,1975
020425,113750,113770,113710,113740,979
020426,113750,113750,113630,113650,3312
020427,113650,113720,113630,113660,3055
020428,113660,113730,113610,113700,2373
020429,113700,113740,113630,113650,2412
020430,113650,113670,113620,113650,1535
020501,113640,113670,113590,113620,3614
020502,113620,113620,113550,113600,2803
020503,113590,113600,113510,113540,2507
020504,113530,113550,113490,113540,2907
020505,113530,113570,113530,113570,727
020506,113570,113650,113550,113640,2704
020507,113630,113630,113430,113460,7496
020508,113470,113540,113400,113510,2836
020509,113510,113600,113500,113550,2746
020510,113530,113600,113510,113530,1822
020511,113530,113640,113510,113520,4272
020512,113530,113540,113460,113520,2048
020513,113510,113510,113430,113470,1527
020514,113460,113540,113460,113510,1723
020515,113520,113620,113490,113570,3078
020516,113560,113620,113460,113480,2779
020517,113470,113510,113450,113480,1396
020518,113480,113540,113480,113510,1139
020519,113510,113600,113480,113570,1576
020520,113570,113650,113550,113620,2510
020521,113620,113710,113590,113670,3325
020522,113680,113680,113620,113630,1826
020523,113630,113640,113600,113640,771
020524,113620,113670,113560,113600,2064
020525,113610,113790,113610,113770,4388
020526,113760,113790,113700,113740,2471
020527,113740,113760,113680,113760,2093
020528,113760,113760,113710,113750,942
020529,113740,113790,113700,113760,1841
020530,113750,113830,113660,113690,3805
020531,113690,113740,113670,113710,1514
020601,113700,113760,113690,113750,1669
020602,113750,113780,113680,113740,1787
020603,113740,113780,113700,113780,1214
020604,113770,113810,113750,113760,1688
020605,113750,113800,113700,113780,2401
020606,113770,113870,113750,113830,3880
020607,113830,113900,113830,113870,3275
020608,113880,114090,113880,114060,9846
020609,114070,114130,114020,114080,8141
020610,114090,114120,113990,114020,4176
020611,114020,114050,113970,114000,3707
020612,114000,114010,113950,113980,2978
020613,113980,114080,113960,114070,3878
020614,114070,114280,114050,114270,12318
020615,114260,114330,114230,114290,7994
020616,114290,114430,114280,114410,12115
020617,114410,114430,114310,114370,4927
020618,114360,114500,114340,114390,6150
020619,114380,114400,114300,114360,3118
020620,114350,114380,114300,114330,2879
020621,114320,114370,114260,114360,4620
020622,114350,114420,114310,114320,4291
020623,114310,114380,114310,114330,1989
020624,114340,114400,114240,114240,3532
020625,114240,114290,114230,114260,2282
020626,114270,114360,114260,114340,3061
020627,114330,114430,114310,114430,3667
020628,114410,114480,114350,114410,5470
020629,114410,114430,114350,114350,3297
020630,114360,114390,114300,114370,3373
020701,114380,114490,114360,114480,3318
020702,114500,114590,114450,114500,4108
020703,114500,114620,114470,114600,2454
020704,114610,114640,114490,114530,2203
020705,114540,114550,114470,114480,1333
020706,114480,114500,114450,114460,512
020707,114450,114480,114420,114470,637
020708,114460,114530,114460,114480,1049
020709,114480,114480,114410,114450,605
020710,114460,114480,114440,114440,338
020711,114430,114440,114380,114410,827
020712,114410,114430,114380,114430,534
020713,114420,114440,114370,114400,615
020714,114400,114400,114340,114360,577
020715,114350,114370,114340,114350,422
020716,114360,114360,114310,114350,736
020717,114340,114400,114330,114380,943
020718,114390,114400,114370,114380,507
020719,114370,114400,114330,114340,579
020720,114340,114400,114320,114370,413
020721,114370,114370,114300,114340,880
020722,114340,114360,114310,114320,287
020723,114320,114370,114300,114340,529
020724,114340,114360,114320,114340,206
020725,114330,114340,114250,114280,3116
020726,114290,114290,114260,114280,404
020727,114290,114320,114280,114310,406
020728,114310,114370,114300,114360,581
020729,114350,114380,114340,114350,502
020730,114350,114370,114310,114320,456
020731,114310,114320,114280,114300,405
020801,114290,114310,114280,114310,202
020802,114320,114340,114310,114330,146
020803,114320,114340,114310,114320,252
020804,114320,114320,114260,114290,566
020805,114300,114310,114270,114270,256
020806,114280,114340,114270,114320,588
020807,114320,114320,114280,114290,146
020808,114290,114290,114240,114250,444
020809,114240,114270,114240,114250,366
020810,114240,114260,114220,114230,614
020811,114240,114270,114230,114250,377
020812,114250,114270,114250,114270,243
020813,114270,114290,114260,114280,364
020814,114270,114290,114250,114270,117
020815,114260,114300,114260,114290,376
020816,114280,114290,114230,114240,521
020817,114230,114260,114220,114230,617
020818,114240,114240,114200,114220,607
020819,114220,114240,114220,114220,215
020820,114220,114230,114210,114210,113
020821,114210,114220,114150,114160,1115
020822,114150,114160,114120,114140,1064
020823,114130,114240,114130,114220,1261
020824,114220,114300,114210,114270,943
020825,114270,114320,114250,114310,571
020826,114310,114330,114300,114310,1003
020827,114300,114340,114280,114320,1004
020828,114340,114570,114250,114480,8440
020829,114470,114480,114360,114390,3494
020830,114400,114400,114280,114290,3275
020831,114290,114330,114220,114290,3966
020901,114290,114370,114270,114340,2148
020902,114330,114390,114280,114340,1828
020903,114340,114420,114320,114330,2364
020904,114340,114400,114280,114340,2166
020905,114330,114360,114220,114340,3177
020906,114340,114450,114300,114450,3008
020907,114440,114550,114440,114470,4508
020908,114470,114630,114430,114580,4914
020909,114580,114760,114530,114690,9176
020910,114700,114720,114580,114620,4412
020911,114620,114640,114540,114560,3331
020912,114560,114650,114550,114590,1943
020913,114590,114620,114520,114550,2083
020914,114550,114620,114500,114620,2507
020915,114620,114640,114550,114600,2147
020916,114590,114610,114550,114590,1305
020917,114580,114640,114570,114620,1573
020918,114630,114630,114520,114540,1686
020919,114540,114560,114480,114540,2233
020920,114540,114540,114480,114510,1154
020921,114500,114570,114480,114560,1821
020922,114570,114580,114510,114540,1781
020923,114550,114620,114540,114600,2049
020924,114600,114600,114540,114580,1190
020925,114580,114580,114430,114440,3268
020926,114450,114510,114410,114460,2631
020927,114450,114510,114440,114490,1611
020928,114490,114520,114450,114450,1381
020929,114460,114490,114360,114490,3793
020930,114490,114530,114410,114500,2674
021001,114500,114540,114470,114530,1463
021002,114530,114570,114520,114560,2440
021003,114560,114640,114530,114580,4493
021004,114580,114580,114530,114550,1372
021005,114550,114610,114540,114600,1374
021006,114590,114670,114570,114650,2056
021007,114650,114730,114620,114710,3062
021008,114710,114730,114630,114680,2682
021009,114680,114710,114620,114630,2355
021010,114620,114680,114580,114650,2522
021011,114640,114690,114630,114680,806
021012,114680,114740,114650,114740,2595
021013,114740,114750,114610,114640,1862
021014,114630,114690,114610,114660,1507
021015,114660,114690,114640,114660,1027
021016,114650,114700,114620,114690,1268
021017,114690,114700,114650,114660,953
021018,114660,114690,114600,114660,1206
021019,114660,114690,114620,114620,1467
021020,114610,114630,114510,114510,3601
021021,114510,114610,114500,114600,1751
021022,114600,114600,114540,114580,1056
021023,114580,114580,114470,114510,1407
021024,114500,114520,114460,114490,1329
021025,114480,114500,114410,114440,1771
021026,114430,114440,114330,114390,5340
021027,114380,114430,114380,114420,1156
021028,114410,114410,114290,114320,4321
021029,114310,114340,114230,114320,4013
021030,114310,114330,114250,114330,2615
021031,114320,114340,114280,114320,1573
021101,114330,114340,114160,114260,10730
021102,114270,114360,114220,114330,4001
021103,114320,114330,114230,114240,3794
021104,114240,114240,114010,114080,8844
021105,114090,114120,114050,114090,4372
021106,114090,114130,114030,114050,6606
021107,114050,114090,113950,114020,7712
021108,114010,114040,113910,113970,5355
021109,113970,114090,113930,114050,5465
021110,114060,114060,113990,114010,2654
021111,114020,114050,113980,114040,1792
021112,114040,114040,113980,114010,1690
021113,114020,114030,113810,113820,7794
021114,113810,113860,113680,113740,9813
021115,113730,113800,113620,113700,8981
021116,113700,113730,113550,113570,6458
021117,113560,113620,113510,113600,7989
021118,113590,113620,113560,113600,4233
021119,113600,113620,113390,113400,9880
021120,113390,113420,113320,113370,8198
021121,113370,113570,113340,113540,7377
021122,113530,113540,113430,113460,4684
021123,113470,113700,113440,113700,6007
021124,113690,113710,113600,113620,4414
021125,113620,113640,113500,113530,3462
021126,113520,113590,113490,113500,3486
021127,113510,113540,113470,113530,3054
021128,113540,113550,113430,113450,2448
021129,113440,113550,113410,113430,3480
021130,113420,113500,113390,113480,3072
021201,113470,113480,113380,113410,3705
021202,113400,113410,113370,113400,2596
021203,113390,113400,113340,113370,2173
021204,113370,113400,113320,113360,4552
021205,113370,113420,113350,113390,2180
021206,113380,113430,113370,113430,1733
021207,113430,113490,113350,113490,3781
021208,113480,113510,113400,113450,2553
021209,113460,113510,113400,113420,3105
021210,113440,113540,113350,113490,3471
021211,113490,113500,113370,113370,3596
021212,113380,113410,113250,113370,3723
021213,113360,113410,113310,113400,927
021214,113390,113450,113340,113420,1275
021215,113430,113430,113380,113390,474
021216,113390,113440,113370,113410,474
021217,113410,113430,113390,113420,487
021218,113410,113440,113400,113440,512
021219,113440,113440,113400,113400,235
021220,113410,113430,113390,113410,257
021221,113410,113470,113400,113460,697
021222,113460,113520,113440,113450,1570
021223,113450,113510,113450,113510,582
021224,113510,113550,113460,113540,1580
021225,113530,113530,113450,113470,583
021226,113460,113460,113350,113400,1889
021227,113410,113470,113410,113430,423
021228,113420,113440,113380,113400,493
021229,113400,113410,113390,113410,168
021230,113400,113450,113400,113430,336
021231,113430,113450,113420,113440,253
030101,113440,113480,113430,113450,342
030102,113450,113460,113410,113430,250
030103,113430,113430,113380,113390,551
030104,113390,113410,113370,113380,306
030105,113380,113410,113350,113380,584
030106,113400,113420,113380,113380,315
030107,113390,113420,113370,113420,327
030108,113410,113430,113350,113390,381
030109,113400,113440,113350,113410,526
030110,113410,113430,113390,113400,408
030111,113400,113420,113380,113380,368
030112,113390,113400,113380,113390,141
030113,113400,113400,113380,113400,240
030114,113410,113410,113370,113400,393
030115,113400,113410,113380,113390,335
030116,113380,113390,113350,113370,702
030117,113380,113380,113340,113370,274
030118,113370,113410,113350,113410,517
030119,113410,113410,113380,113400,404
030120,113390,113400,113380,113380,128
030121,113390,113400,113380,113380,194
030122,113380,113400,113370,113390,262
030123,113390,113400,113380,113400,198
030124,113390,113420,113380,113410,469
030125,113410,113430,113400,113430,291
030126,113440,113440,113400,113430,387
030127,113420,113440,113400,113410,318
030128,113420,113420,113400,113400,82
030129,113410,113420,113400,113400,92
030130,113400,113410,113390,113410,261
030131,113410,113430,113390,113420,263
030201,113420,113450,113410,113410,288
030202,113420,113440,113410,113440,429
030203,113440,113450,113430,113440,459
030204,113450,113450,113430,113430,519
030205,113440,113460,113390,113390,991
030206,113430,113500,113280,113370,8702
030207,113370,113450,113330,113450,2841
030208,113440,113480,113320,113400,3974
030209,113390,113540,113300,113540,5491
030210,113520,113540,113400,113460,4369
030211,113460,113530,113410,113500,2714
030212,113500,113640,113490,113590,5936
030213,113600,113600,113440,113500,4294
030214,113500,113510,113430,113440,1271
030215,113450,113450,113300,113310,2971
030216,113310,113320,113060,113080,12515
030217,113070,113150,113040,113060,5162
030218,113070,113190,113030,113140,3733
030219,113150,113190,112860,112900,9697
030220,112900,112970,112700,112770,9873
030221,112770,112800,112650,112730,7595
030222,112720,112800,112710,112750,3705
030223,112740,112860,112720,112820,3193
030224,112830,112860,112730,112780,4964
030225,112780,112850,112740,112840,2126
030226,112840,112860,112780,112850,2639
030227,112850,112890,112770,112800,3157
030228,112800,112860,112770,112840,1466
030301,112850,112880,112820,112830,1472
030302,112840,112840,112770,112780,1792
030303,112780,112790,112750,112760,1248
030304,112750,112760,112700,112730,2060
030305,112740,112750,112560,112640,7729
030306,112650,112730,112630,112720,2947
030307,112720,112780,112700,112710,2298
030308,112700,112780,112690,112750,1705
030309,112740,112830,112740,112820,1417
030310,112820,112830,112740,112790,1428
030311,112790,112820,112740,112780,1390
030312,112780,112870,112760,112870,1903
030313,112870,112930,112770,112800,3431
030314,112800,112900,112740,112870,2808
030315,112870,112940,112850,112920,2455
030316,112920,112930,112870,112880,1187
030317,112890,112920,112850,112860,1006
030318,112850,112910,112840,112890,768
030319,112890,113020,112880,112990,2217
030320,113000,113000,112880,112900,2502
030321,112890,112900,112750,112830,2976
030322,112830,112880,112790,112840,1534
030323,112840,112870,112800,112830,768
030324,112820,112920,112820,112840,1343
030325,112850,112890,112820,112850,709
030326,112860,112980,112860,112940,2258
030327,112940,112980,112860,112980,1565
030328,112970,113030,112940,112970,2633
030329,112960,113020,112920,112950,1268
030330,112950,112960,112920,112960,637
030331,112960,113070,112950,112960,5485
030401,112960,113000,112920,112920,1192
030402,112920,112950,112910,112910,653
030403,112910,112960,112910,112960,611
030404,112950,112990,112900,112950,1130
030405,112950,112990,112940,112970,965
030406,112970,112990,112940,112950,1496
030407,112950,112960,112920,112940,470
030408,112940,112940,112830,112860,3461
030409,112860,112890,112850,112890,808
030410,112890,112890,112790,112840,2321
030411,112840,112900,112840,112880,1260
030412,112900,112950,112880,112880,1913
030413,112880,112900,112810,112840,906
030414,112840,112900,112840,112890,618
030415,112900,112940,112810,112870,1547
030416,112880,112970,112870,112970,1372
030417,112970,112980,112840,112940,2122
030418,112930,112960,112870,112870,1405
030419,112880,112950,112870,112920,1283
030420,112940,112940,112870,112870,917
030421,112890,112930,112850,112930,1246
030422,112930,112970,112900,112960,1115
030423,112960,113000,112910,112980,1831
030424,112970,113040,112920,113000,4673
030425,112990,113010,112910,112910,1271
030426,112920,112930,112750,112790,4050
030427,112780,112820,112720,112800,3218
030428,112800,112840,112790,112820,822
030429,112830,112880,112810,112840,1159
030430,112850,112890,112820,112860,1990
030501,112860,112880,112680,112720,3342
030502,112720,112780,112700,112770,2384
030503,112760,112820,112710,112780,1738
030504,112790,112840,112790,112820,1258
030505,112810,112820,112730,112790,2253
030506,112800,112840,112780,112800,1378
030507,112810,112850,112800,112840,994
030508,112850,112880,112770,112860,2228
030509,112870,113010,112870,112960,5523
030510,112970,113030,112960,112980,1856
030511,112980,113030,112960,113010,1503
030512,113000,113050,112930,113010,3042
030513,113010,113060,112970,113060,1947
030514,113060,113110,112990,113000,3488
030515,113010,113140,113000,113090,2626
030516,113100,113110,113040,113090,1720
030517,113090,113130,113060,113130,1764
030518,113130,113150,113060,113060,1922
030519,113070,113110,113050,113090,1606
030520,113090,113190,113090,113170,2707
030521,113150,113380,113150,113270,7272
030522,113280,113300,113200,113240,1950
030523,113240,113250,113120,113180,1819
030524,113170,113220,113070,113170,1906
030525,113170,113210,113160,113210,433
030526,113210,113250,113160,113190,1047
030527,113190,113210,113170,113180,531
030528,113190,113210,113180,113200,237
030529,113190,113230,113190,113220,459
030530,113230,113280,113210,113230,1528
030531,113220,113260,113220,113250,352
030601,113250,113250,113180,113190,394
030602,113210,113240,113200,113230,253
030603,113220,113220,113180,113200,279
030604,113200,113280,113200,113270,420
030605,113270,113280,113220,113220,306
030606,113220,113270,113210,113270,398
030607,113270,113280,113240,113250,242
030608,113260,113270,113220,113250,330
030609,113240,113240,113200,113210,310
030610,113220,113230,113200,113210,141
030611,113210,113220,113170,113190,554
030612,113190,113190,113130,113140,893
030613,113150,113180,113120,113170,744
030614,113180,113230,113170,113190,600
030615,113200,113220,113190,113200,112
030616,113200,113210,113170,113180,209
030617,113180,113180,113160,113160,216
030618,113160,113180,113130,113180,360
030619,113180,113200,113100,113100,516
030620,113100,113110,113010,113020,2851
030621,113020,113070,112990,113050,1447
030622,113050,113060,113020,113040,600
030623,113040,113050,113030,113030,164
030624,113030,113060,113020,113040,185
030625,113040,113050,113000,113000,183
030626,113000,113010,112920,112950,1419
030627,112940,112970,112930,112940,593
030628,112930,112940,112880,112920,1142
030629,112920,113000,112890,112940,1274
030630,112940,113000,112940,112980,234
030701,112980,113030,112980,113000,325
030702,113010,113020,112990,113000,291
030703,113010,113020,112960,112960,351
030704,112960,112980,112930,112950,437
030705,112950,112970,112940,112940,100
030706,112950,112990,112940,112970,322
030707,112970,113000,112960,112980,183
030708,112980,112990,112920,112950,576
030709,112960,112970,112950,112950,35
030710,112950,112970,112940,112960,74
030711,112960,113030,112950,112990,650
030712,112990,112990,112980,112990,45
030713,112990,113030,112980,113020,293
030714,113020,113110,113020,113100,1060
030715,113110,113110,113070,113070,361
030716,113080,113130,113070,113110,592
030717,113110,113120,113020,113020,1154
030718,113070,113450,113070,113280,13187
030719,113280,113350,113260,113340,4224
030720,113340,113450,113300,113440,5985
030721,113440,113490,113370,113370,5273
030722,113370,113430,113340,113420,4763
030723,113420,113510,113340,113370,5758
030724,113370,113390,113270,113360,3796
030725,113350,113420,113340,113390,2485
030726,113390,113470,113370,113390,2034
030727,113380,113410,113340,113380,1381
030728,113380,113410,113330,113370,2463
030729,113370,113400,113330,113340,2171
030730,113350,113400,113340,113400,1577
030731,113390,113430,113360,113400,1802
030801,113400,113410,113330,113350,1820
030802,113360,113370,113300,113340,1462
030803,113340,113370,113270,113290,1731
030804,113290,113290,113220,113270,2231
030805,113270,113280,113180,113190,2629
030806,113190,113200,113130,113190,2457
030807,113190,113240,113180,113230,1575
030808,113230,113240,113200,113210,1181
030809,113210,113230,113180,113230,878
030810,113230,113320,113190,113310,2243
030811,113320,113350,113300,113340,2694
030812,113340,113400,113340,113390,2175
030813,113390,113450,113390,113450,2957
030814,113450,113510,113420,113440,3336
030815,113440,113470,113420,113460,1496
030816,113470,113470,113420,113430,803
030817,113420,113510,113420,113430,2248
030818,113430,113470,113380,113390,1852
030819,113390,113420,113380,113380,1288
030820,113390,113490,113380,113470,1238
030821,113480,113490,113390,113400,1020
030822,113400,113510,113380,113470,2709
030823,113480,113510,113340,113350,4054
030824,113350,113400,113270,113310,3267
030825,113320,113330,113260,113290,1697
030826,113280,113340,113280,113300,980
030827,113300,113380,113300,113370,1348
030828,113370,113380,113340,113340,599
030829,113340,113410,113330,113330,1542
030830,113340,113340,113220,113280,2269
030831,113290,113310,113260,113290,818
030901,113290,113300,113230,113290,923
030902,113290,113340,113260,113330,1229
030903,113330,113350,113290,113340,997
030904,113340,113380,113330,113380,845
030905,113380,113430,113330,113330,1714
030906,113340,113350,113280,113320,1144
030907,113310,113350,113290,113350,537
030908,113340,113400,113340,113380,818
030909,113380,113400,113350,113380,773
030910,113380,113470,113380,113430,1421
030911,113430,113440,113370,113400,765
030912,113390,113460,113390,113410,965
030913,113420,113530,113390,113520,3330
030914,113500,113570,113470,113500,3747
030915,113500,113530,113460,113520,2401
030916,113510,113530,113460,113490,850
030917,113490,113500,113450,113480,1392
030918,113480,113510,113440,113490,1390
030919,113490,113510,113460,113490,642
030920,113490,113580,113470,113570,2391
030921,113570,113580,113540,113570,1854
030922,113550,113630,113520,113620,3924
030923,113620,113710,113620,113640,5530
030924,113630,113640,113570,113590,1633
030925,113600,113600,113550,113550,1064
030926,113560,113610,113530,113600,1396
030927,113610,113650,113550,113620,2959
030928,113620,113760,113620,113730,3853
030929,113730,113760,113650,113680,1948
030930,113690,113730,113680,113720,1295
031001,113720,113770,113650,113750,1956
031002,113750,113790,113710,113760,1948
031003,113760,113780,113690,113780,2002
031004,113770,113830,113750,113810,3106
031005,113810,113900,113810,113880,4276
031006,113890,113900,113850,113890,3445
031007,113900,113940,113870,113890,4494
031008,113900,113910,113810,113830,2618
031009,113820,113840,113750,113760,2468
031010,113760,113800,113710,113710,3002
031011,113720,113750,113640,113650,2670
031012,113650,113680,113520,113530,5386
031013,113530,113530,113470,113510,4635
031014,113500,113540,113480,113510,2316
031015,113510,113520,113420,113450,2823
031016,113450,113460,113310,113330,5356
031017,113340,113410,113310,113410,4152
031018,113400,113530,113400,113530,3065
031019,113530,113540,113460,113510,1824
031020,113520,113600,113510,113590,2264
031021,113590,113600,113520,113530,2555
031022,113540,113580,113530,113560,1684
031023,113550,113560,113420,113480,3088
031024,113480,113530,113430,113520,1840
031025,113510,113530,113480,113500,1111
031026,113500,113580,113440,113540,1864
031027,113550,113590,113520,113550,1510
031028,113540,113560,113460,113470,2716
031029,113480,113570,113460,113540,2117
031030,113570,113640,113470,113490,2201
031031,113500,113530,113360,113450,3858
031101,113440,113470,113390,113410,1400
031102,113410,113440,113340,113390,1382
031103,113390,113470,113390,113450,896
031104,113430,113500,113420,113490,510
031105,113490,113500,113460,113480,293
031106,113480,113490,113410,113430,426
031107,113420,113480,113420,113450,419
031108,113440,113440,113390,113400,533
031109,113400,113480,113400,113480,717
031110,113480,113480,113440,113440,251
031111,113440,113520,113430,113470,975
031112,113480,113490,113460,113470,447
031113,113480,113540,113470,113500,701
031114,113500,113550,113480,113550,527
031115,113540,113580,113540,113560,781
031116,113560,113560,113540,113560,518
031117,113550,113590,113550,113580,516
031118,113580,113610,113530,113600,1068
031119,113610,113670,113600,113640,1811
031120,113630,113640,113550,113550,660
031121,113560,113580,113550,113570,326
031122,113560,113560,113490,113500,765
031123,113490,113550,113480,113480,947
031124,113480,113490,113390,113410,1437
031125,113420,113460,113400,113430,1018
031126,113430,113500,113410,113470,656
031127,113470,113510,113460,113480,234
031128,113470,113520,113470,113500,394
031129,113500,113550,113470,113540,489
031130,113550,113550,113490,113510,625
031201,113500,113530,113500,113510,313
031202,113510,113530,113490,113530,369
031203,113530,113540,113490,113490,177
031204,113490,113500,113480,113490,270
031205,113490,113500,113470,113490,276
031206,113480,113490,113450,113460,304
031207,113470,113510,113460,113510,200
031208,113500,113520,113490,113520,193
031209,113510,113530,113500,113510,133
031210,113520,113520,113500,113510,85
031211,113520,113570,113510,113560,467
031212,113550,113570,113540,113570,240
031213,113560,113580,113540,113570,385
031214,113570,113580,113540,113550,416
031215,113550,113570,113530,113530,204
031216,113540,113620,113530,113600,829
031217,113600,113620,113580,113600,217
031218,113600,113600,113570,113570,91
031219,113570,113590,113570,113580,119
031220,113590,113590,113550,113560,494
031221,113550,113580,113550,113570,214
031222,113570,113570,113510,113520,459
031223,113520,113520,113480,113510,562
031224,113500,113540,113490,113510,454
031225,113520,113540,113490,113490,742
031226,113500,113530,113490,113490,1261
031227,113490,113710,113490,113580,6066
031228,113570,113640,113490,113490,3964
031229,113490,113590,113460,113520,4623
031230,113520,113620,113510,113570,2325
031231,113570,113600,113530,113590,1708
040101,113590,113790,113580,113770,11087
040102,113770,113930,113760,113870,11452
040103,113870,113920,113840,113890,7243
040104,113890,113990,113850,113860,7119
040105,113860,114130,113860,114040,8131
040106,114030,114100,114030,114060,3783
040107,114070,114130,114040,114050,4197
040108,114050,114120,114030,114110,4034
040109,114110,114180,114100,114150,3636
040110,114160,114210,114140,114140,4388
040111,114140,114180,114100,114160,4417
040112,114160,114180,114060,114120,3511
040113,114120,114170,114100,114120,1791
040114,114120,114190,114120,114120,1348
040115,114130,114170,114070,114090,1815
040116,114070,114110,114060,114100,1200
040117,114090,114170,114090,114170,1395
040118,114160,114270,114130,114220,4526
040119,114220,114300,114210,114300,4370
040120,114300,114320,114210,114230,3414
040121,114230,114230,114160,114190,2419
040122,114210,114220,114160,114200,1274
040123,114190,114210,114160,114200,1291
040124,114200,114220,114150,114160,1467
040125,114170,114190,114140,114140,1188
040126,114140,114170,114080,114090,2366
040127,114090,114190,114080,114120,2923
040128,114130,114200,114100,114190,2272
040129,114190,114200,114150,114190,1003
040130,114190,114200,114140,114140,1097
040131,114140,114200,114140,114170,780
040201,114180,114230,114170,114220,1854
040202,114220,114270,114200,114220,2134
040203,114220,114290,114200,114270,1801
040204,114260,114280,114200,114240,1426
040205,114240,114250,114150,114180,1957
040206,114180,114240,114150,114240,1694
040207,114230,114270,114180,114260,3070
040208,114260,114350,114260,114270,3863
040209,114280,114310,114250,114300,1787
040210,114290,114390,114270,114370,2727
040211,114360,114400,114340,114380,1872
040212,114380,114460,114360,114420,3310
040213,114420,114430,114330,114360,2870
040214,114360,114370,114340,114350,674
040215,114360,114360,114300,114330,1607
040216,114340,114360,114300,114310,1000
040217,114320,114400,114310,114380,1008
040218,114380,114400,114360,114380,762
040219,114380,114380,114310,114330,844
040220,114320,114340,114290,114320,1031
040221,114320,114330,114200,114230,4042
040222,114220,114250,114180,114190,2466
040223,114200,114330,114200,114290,1896
040224,114290,114340,114240,114250,1778
040225,114250,114280,114230,114260,803
040226,114270,114300,114230,114240,1220
040227,114240,114330,114220,114330,1294
040228,114320,114370,114300,114330,1731
040229,114330,114350,114300,114320,459
040301,114320,114390,114300,114390,1672
040302,114390,114400,114330,114360,793
040303,114360,114390,114320,114370,616
040304,114370,114380,114320,114360,834
040305,114360,114380,114330,114340,1506
040306,114340,114400,114330,114400,959
040307,114400,114410,114320,114340,1607
040308,114330,114340,114300,114330,1065
040309,114320,114350,114300,114350,883
040310,114350,114360,114290,114350,1304
040311,114340,114380,114320,114330,917
040312,114320,114390,114320,114380,1263
040313,114380,114420,114320,114350,2259
040314,114360,114390,114320,114350,1715
040315,114340,114360,114260,114290,2497
040316,114290,114320,114170,114200,3697
040317,114190,114260,114180,114220,1811
040318,114220,114250,114180,114240,2154
040319,114240,114290,114210,114240,2031
040320,114240,114280,114210,114270,2084
040321,114270,114280,114220,114250,946
040322,114240,114280,114220,114270,1175
040323,114270,114350,114260,114340,1797
040324,114340,114360,114240,114270,2458
040325,114260,114360,114250,114320,1188
040326,114320,114350,114230,114310,2151
040327,114310,114330,114270,114300,1238
040328,114290,114330,114260,114320,1712
040329,114310,114350,114290,114300,1311
040330,114310,114490,114300,114470,5596
040331,114470,114480,114360,114370,2859
040401,114370,114380,114300,114310,2385
040402,114310,114330,114170,114180,4347
040403,114180,114220,114140,114160,4336
040404,114150,114190,114100,114150,4343
040405,114150,114160,114100,114110,2230
040406,114110,114190,114110,114150,3315
040407,114150,114300,114130,114270,3558
040408,114270,114270,114150,114150,2561
040409,114230,114280,114160,114180,4061
040410,114190,114210,114170,114190,1440
040411,114200,114220,114160,114180,802
040412,114190,114210,114130,114150,862
040413,114150,114170,114120,114160,563
040414,114160,114200,114160,114170,575
040415,114170,114190,114150,114180,215
040416,114170,114210,114170,114200,216
040417,114200,114220,114180,114210,422
040418,114210,114220,114170,114180,384
040419,114180,114210,114180,114210,248
040420,114210,114210,114170,114180,247
040421,114180,114190,114170,114190,258
040422,114180,114260,114170,114230,1133
040423,114240,114260,114210,114240,356
040424,114240,114250,114220,114220,313
040425,114220,114240,114200,114220,189
040426,114210,114220,114160,114190,837
040427,114180,114200,114170,114180,235
040428,114180,114220,114170,114220,423
040429,114230,114240,114220,114220,461
040430,114220,114230,114200,114210,76
040501,114210,114240,114200,114220,447
040502,114220,114220,114150,114160,572
040503,114160,114270,114150,114230,2050
040504,114230,114270,114220,114260,634
040505,114260,114290,114250,114250,528
040506,114270,114330,114260,114290,1030
040507,114310,114310,114260,114290,519
040508,114310,114320,114290,114290,380
040509,114290,114300,114260,114300,558
040510,114310,114330,114300,114300,215
040511,114300,114320,114290,114310,596
040512,114320,114330,114300,114320,333
040513,114310,114360,114310,114330,313
040514,114330,114430,114320,114410,1031
040515,114420,114440,114360,114360,1075
040516,114360,114410,114360,114400,342
040517,114400,114450,114390,114450,720
040518,114460,114480,114430,114470,1053
040519,114480,114500,114460,114460,855
040520,114470,114470,114380,114390,1898
040521,114390,114420,114380,114390,375
040522,114380,114390,114360,114380,452
040523,114370,114400,114360,114400,423
040524,114400,114440,114390,114430,317
040525,114440,114440,114390,114410,209
040526,114410,114560,114410,114510,2693
040527,114530,114530,114450,114450,675
040528,114440,114480,114430,114470,368
040529,114470,114470,114410,114410,357
040530,114410,114430,114390,114410,334
040531,114400,114400,114370,114400,448
040601,114390,114400,114370,114390,191
040602,114380,114380,114240,114260,3336
040603,114270,114320,114250,114300,1909
040604,114290,114300,114270,114280,1384
040605,114300,114350,114270,114300,1666
040606,114330,114540,114260,114430,7242
040607,114440,114620,114430,114570,7432
040608,114580,114680,114550,114610,6200
040609,114620,114680,114600,114640,3753
040610,114650,114690,114590,114680,3863
040611,114670,114710,114660,114680,2797
040612,114680,114780,114620,114750,5947
040613,114760,114760,114650,114680,3684
040614,114680,114680,114570,114610,5209
040615,114610,114670,114590,114660,2606
040616,114650,114660,114610,114650,1638
040617,114650,114700,114640,114700,2212
040618,114690,114700,114560,114560,3420
040619,114560,114680,114560,114680,1875
040620,114680,114700,114620,114630,1391
040621,114620,114650,114590,114610,1274
040622,114600,114620,114480,114500,3659
040623,114500,114570,114450,114540,3361
040624,114550,114560,114490,114560,1758
040625,114550,114630,114550,114620,2662
040626,114620,114650,114590,114630,1214
040627,114630,114660,114540,114550,1896
040628,114550,114590,114510,114590,1812
040629,114590,114600,114470,114490,1476
040630,114490,114540,114440,114490,2460
040701,114490,114530,114470,114500,1302
040702,114500,114550,114490,114510,1089
040703,114510,114570,114510,114530,1098
040704,114530,114610,114520,114580,2076
040705,114590,114700,114580,114690,3102
040706,114690,114750,114660,114660,4932
040707,114670,114740,114610,114630,3456
040708,114630,114690,114620,114690,1316
040709,114680,114680,114620,114650,1527
040710,114650,114660,114580,114590,2086
040711,114600,114620,114560,114610,1676
040712,114610,114670,114610,114640,1724
040713,114640,114650,114570,114620,725
040714,114620,114630,114520,114540,1504
040715,114530,114550,114490,114540,1250
040716,114540,114580,114530,114570,752
040717,114580,114590,114540,114560,582
040718,114570,114590,114560,114590,428
040719,114600,114610,114540,114590,838
040720,114590,114610,114530,114550,817
040721,114560,114560,114450,114470,2674
040722,114470,114480,114360,114410,5093
040723,114410,114430,114360,114410,1653
040724,114410,114470,114410,114430,1748
040725,114430,114460,114390,114410,931
040726,114420,114480,114370,114460,1427
040727,114460,114470,114420,114440,783
040728,114440,114470,114390,114390,571
040729,114390,114440,114360,114420,1263
040730,114420,114460,114390,114450,663
040731,114440,114460,114420,114420,434
040801,114430,114440,114330,114370,3035
040802,114370,114400,114330,114330,2842
040803,114330,114370,114310,114350,1567
040804,114340,114360,114320,114350,1245
040805,114340,114390,114310,114390,1950
040806,114380,114400,114350,114390,970
040807,114390,114530,114380,114500,4085
040808,114500,114510,114440,114480,1679
040809,114480,114520,114450,114480,962
040810,114480,114490,114400,114400,2041
040811,114400,114440,114350,114420,1683
040812,114410,114440,114360,114400,1572
040813,114420,114450,114330,114370,2106
040814,114370,114420,114330,114410,1147
040815,114420,114430,114340,114390,1404
040816,114390,114410,114290,114340,3833
040817,114330,114360,114250,114260,2308
040818,114270,114280,114210,114220,3622
040819,114220,114250,114180,114230,2884
040820,114230,114240,114190,114200,1441
040821,114190,114240,114180,114210,1031
040822,114210,114240,114190,114210,1823
040823,114200,114230,114150,114190,2459
040824,114180,114190,114120,114140,2464
040825,114150,114170,114070,114140,3630
040826,114130,114140,114050,114100,2280
040827,114090,114110,114020,114080,3174
040828,114070,114100,114020,114090,2459
040829,114100,114100,114020,114050,1512
040830,114040,114140,113980,114090,4425
040831,114080,114120,114060,114090,902
040901,114080,114180,114080,114170,1583
040902,114160,114180,114140,114170,1064
040903,114160,114210,114130,114130,1472
040904,114130,114170,114110,114110,1231
040905,114110,114230,114100,114210,2115
040906,114210,114300,114180,114300,1612
040907,114300,114300,114230,114230,1923
040908,114240,114260,114200,114210,1053
040909,114200,114470,114200,114330,8795
040910,114330,114460,114320,114410,3555
040911,114410,114420,114340,114360,1304
040912,114360,114370,114220,114230,3546
040913,114230,114330,114210,114310,2875
040914,114310,114330,114260,114310,1987
040915,114320,114350,114270,114290,2137
040916,114310,114340,114290,114340,2072
040917,114340,114420,114330,114400,2646
040918,114450,114740,114450,114630,9031
040919,114630,114680,114630,114670,2100
040920,114680,114700,114580,114590,2289
040921,114600,114610,114560,114580,620
040922,114590,114700,114580,114630,2327
040923,114630,114640,114580,114590,574
040924,114580,114600,114550,114560,705
040925,114560,114580,114540,114560,546
040926,114560,114570,114230,114280,6197
040927,114280,114290,114180,114240,3887
040928,114240,114270,114170,114230,1965
040929,114220,114340,114200,114340,1567
040930,114340,114340,114290,114340,608
041001,114340,114410,114310,114380,1266
041002,114390,114430,114360,114400,817
041003,114390,114420,114390,114400,399
041004,114410,114510,114410,114470,1907
041005,114470,114480,114380,114410,1164
041006,114420,114440,114410,114430,186
041007,114430,114450,114410,114420,213
041008,114420,114490,114420,114480,338
041009,114480,114500,114380,114390,837
041010,114390,114420,114390,114400,282
041011,114400,114450,114390,114430,222
041012,114450,114480,114430,114450,183
041013,114460,114470,114430,114450,124
041014,114460,114500,114450,114490,529
041015,114490,114500,114440,114440,364
041016,114440,114490,114430,114460,299
041017,114440,114450,114420,114450,271
041018,114450,114450,114430,114450,53
041019,114450,114460,114430,114440,50
041020,114430,114460,114390,114390,379
041021,114400,114410,114380,114390,397
041022,114390,114400,114360,114360,303
041023,114370,114370,114330,114350,1124
041024,114340,114400,114340,114400,437
041025,114390,114410,114390,114390,264
041026,114380,114390,114350,114370,172
041027,114360,114370,114360,114360,108
041028,114370,114380,114360,114370,80
041029,114370,114390,114350,114350,230
041030,114350,114350,114310,114310,416
041031,114320,114320,114280,114300,419
041101,114300,114310,114260,114270,624
041102,114270,114280,114220,114220,890
041103,114240,114240,114190,114200,1065
041104,114200,114260,114200,114240,578
041105,114240,114260,114220,114260,319
041106,114260,114270,114230,114270,194
041107,114260,114290,114240,114250,505
041108,114260,114260,114240,114240,74
041109,114250,114280,114250,114270,202
041110,114280,114280,114210,114230,546
041111,114230,114260,114220,114220,257
041112,114230,114250,114200,114200,714
041113,114210,114250,114200,114250,944
041114,114270,114660,114220,114600,9370
041115,114590,114640,114560,114610,3764
041116,114610,114670,114590,114620,2971
041117,114630,114650,114490,114570,3147
041118,114570,114580,114470,114530,2609
041119,114530,114580,114510,114520,1785
041120,114530,114700,114510,114700,3639
041121,114690,114720,114640,114660,2419
041122,114670,114740,114640,114680,2420
041123,114680,114730,114650,114680,1991
041124,114680,114690,114620,114630,1422
041125,114630,114720,114600,114710,2228
041126,114710,114930,114700,114890,12622
041127,114890,114950,114850,114890,5535
041128,114890,115010,114890,114900,7076
041129,114910,115000,114890,114970,2812
041130,114970,114990,114880,114900,2093
041201,114910,114980,114900,114930,2086
041202,114930,114980,114920,114940,1364
041203,114950,114980,114910,114930,1076
041204,114930,114950,114900,114900,859
041205,114900,114970,114890,114910,1613
041206,114900,114960,114890,114930,1222
041207,114940,114960,114890,114930,1180
041208,114930,114940,114840,114860,2411
041209,114870,114920,114840,114860,1596
041210,114860,114930,114850,114890,1597
041211,114900,114960,114880,114890,1616
041212,114910,115000,114900,114940,1905
041213,114940,114970,114860,114870,2345
041214,114860,114940,114860,114910,1726
041215,114920,114940,114860,114890,719
041216,114890,114930,114850,114870,1569
041217,114880,114910,114810,114820,1360
041218,114830,114870,114820,114840,861
041219,114830,114860,114800,114810,1271
041220,114810,114850,114790,114840,1341
041221,114850,114880,114770,114780,1727
041222,114780,114860,114770,114850,2514
041223,114850,114870,114800,114820,1223
041224,114820,114880,114790,114850,1542
041225,114850,114880,114840,114850,808
041226,114860,114930,114840,114920,1497
041227,114920,114930,114850,114860,771
041228,114860,114930,114860,114870,898
041229,114870,114900,114860,114880,780
041230,114870,114900,114850,114880,728
041231,114900,114900,114860,114890,781
050101,114890,114920,114860,114870,2396
050102,114870,114900,114850,114900,1398
050103,114890,114900,114860,114880,1109
050104,114870,114930,114850,114910,1720
050105,114910,114940,114870,114880,1047
050106,114880,114910,114870,114900,596
050107,114900,114920,114880,114890,630
050108,114890,114890,114850,114880,1010
050109,114890,114940,114850,114930,1229
050110,114940,115000,114920,114950,2450
050111,114950,115070,114940,115060,3798
050112,115070,115120,115030,115060,5819
050113,115070,115100,115030,115040,2271
050114,115040,115070,114980,114990,2260
050115,114990,115100,114980,115100,2077
050116,115100,115160,115070,115140,2982
050117,115130,115150,115070,115110,1400
050118,115110,115310,115080,115230,13471
050119,115240,115350,115240,115350,9279
050120,115350,115450,115310,115370,8691
050121,115380,115460,115360,115400,4951
050122,115400,115420,115350,115380,3304
050123,115380,115400,115320,115370,2739
050124,115380,115380,115290,115360,2878
050125,115370,115400,115360,115380,2614
050126,115380,115400,115330,115370,2329
050127,115370,115400,115330,115340,3978
050128,115340,115440,115320,115410,4664
050129,115420,115450,115320,115360,3786
050130,115360,115400,115330,115350,3631
050131,115360,115500,115330,115490,3296
050201,115490,115530,115440,115520,5127
050202,115510,115570,115440,115480,5744
050203,115470,115510,115400,115400,3810
050204,115400,115450,115390,115440,2169
050205,115440,115490,115410,115440,3073
050206,115450,115480,115350,115370,2884
050207,115370,115400,115310,115380,3507
050208,115380,115380,115310,115370,1503
050209,115370,115410,115340,115360,2184
050210,115370,115420,115350,115370,1452
050211,115380,115390,115260,115280,3466
050212,115270,115290,115210,115240,2445
050213,115240,115350,115230,115340,2620
050214,115340,115390,115340,115360,1825
050215,115360,115420,115340,115410,1654
050216,115400,115420,115330,115390,1812
050217,115390,115450,115380,115430,2365
050218,115430,115490,115410,115460,1519
050219,115470,115550,115460,115490,3857
050220,115500,115580,115480,115580,3458
050221,115570,115620,115510,115570,5513
050222,115570,115620,115550,115550,4323
050223,115560,115570,115460,115510,5167
050224,115520,115530,115470,115500,3618
050225,115500,115530,115450,115530,4441
050226,115620,115620,115520,115550,2118
050227,115550,115600,115540,115600,684
050228,115590,115600,115420,115430,2509
050301,115430,115530,115420,115500,1787
050302,115510,115540,115500,115520,686
050303,115530,115550,115490,115540,1312
050304,115530,115550,115510,115530,484
050305,115520,115530,115460,115490,1091
050306,115500,115500,115480,115500,253
050307,115510,115510,115480,115500,336
050308,115480,115510,115450,115460,299
050309,115460,115480,115420,115420,765
050310,115430,115440,115410,115440,585
050311,115440,115450,115350,115360,2526
050312,115360,115370,115270,115310,2817
050313,115300,115330,115280,115300,1138
050314,115310,115310,115270,115310,956
050315,115310,115350,115280,115340,707
050316,115340,115350,115330,115330,542
050317,115330,115350,115320,115340,240
050318,115350,115400,115330,115360,590
050319,115370,115410,115360,115400,882
050320,115390,115410,115350,115370,452
050321,115370,115410,115310,115330,968
050322,115330,115350,115300,115310,520
050323,115300,115320,115280,115310,373
050324,115310,115360,115310,115350,473
050325,115350,115450,115350,115440,1404
050326,115430,115430,115360,115390,951
050327,115400,115450,115380,115440,1128
050328,115440,115440,115410,115410,292
050329,115420,115470,115410,115450,504
050330,115450,115450,115400,115410,188
050331,115410,115410,115380,115400,354
050401,115400,115420,115390,115400,137
050402,115400,115410,115350,115360,467
050403,115350,115370,115340,115370,534
050404,115360,115370,115350,115370,183
050405,115370,115380,115350,115370,115
050406,115360,115380,115350,115360,106
050407,115360,115380,115350,115380,163
050408,115370,115380,115360,115370,219
050409,115360,115370,115340,115360,293
050410,115350,115360,115340,115360,160
050411,115360,115360,115330,115340,196
050412,115340,115360,115330,115340,285
050413,115330,115350,115320,115340,318
050414,115330,115360,115320,115360,668
050415,115350,115360,115330,115330,237
050416,115320,115330,115320,115320,133
050417,115320,115330,115310,115310,290
050418,115310,115320,115300,115320,235
050419,115310,115340,115300,115340,352
050420,115330,115340,115310,115310,210
050421,115310,115320,115280,115290,757
050422,115290,115320,115280,115300,654
050423,115290,115310,115280,115310,808
050424,115300,115330,115280,115330,1574
050425,115350,116180,115350,116130,22115
050426,116120,116260,116020,116090,9197
050427,116090,116120,115990,116080,5270
050428,116060,116090,115960,116000,4092
050429,116000,116050,115970,116050,2747
050430,116060,116090,116020,116060,2128
050501,116070,116090,115950,115970,2653
050502,115980,116020,115930,115940,1531
050503,115940,115940,115880,115920,3481
050504,115930,115930,115860,115880,3171
050505,115870,115870,115760,115780,5416
050506,115770,115840,115760,115780,3364
050507,115780,115870,115770,115840,1916
050508,115840,115910,115760,115760,2891
050509,115760,115770,115650,115670,4697
050510,115670,115780,115640,115770,3300
050511,115770,115800,115750,115780,1233
050512,115780,115850,115780,115830,1932
050513,115830,115860,115830,115830,1203
050514,115820,115850,115760,115790,1819
050515,115790,115810,115760,115770,660
050516,115770,115790,115730,115740,967
050517,115740,115750,115680,115690,1186
050518,115690,115690,115550,115570,4898
050519,115560,115610,115510,115550,4204
050520,115550,115630,115530,115610,1836
050521,115600,115630,115590,115620,1142
050522,115620,115630,115430,115450,3801
050523,115450,115510,115400,115480,3142
050524,115490,115600,115480,115570,3538
050525,115570,115680,115520,115660,3083
050526,115650,115830,115640,115760,4282
050527,115760,115790,115710,115770,1680
050528,115760,115850,115740,115830,1792
050529,115840,115860,115790,115790,1410
050530,115790,115810,115740,115740,1256
050531,115740,115750,115680,115720,1292
050601,115720,115720,115650,115680,1059
