000101,107440,107580,107020,107560,52534
000102,107550,107710,107390,107480,39948
000103,107490,107700,107420,107480,26388
000104,107480,107940,107440,107880,37145
000105,107890,107950,107750,107870,18960
000106,107860,107910,107510,107580,20807
000107,107580,107940,107450,107490,36011
000108,107490,107980,107480,107860,38508
000109,107860,108290,107780,108280,35510
000110,108280,108400,108020,108020,10198
000111,108040,108060,107820,107920,8026
000112,107920,108090,107910,108060,3386
000113,108060,108100,107840,107860,4167
000114,107850,107870,107500,107500,9752
000115,107500,107630,107030,107270,72885
000116,107270,107430,107040,107310,45126
000117,107300,107390,107090,107150,23382
000118,107160,107670,107120,107660,41860
000119,107640,107710,107150,107380,31507
000120,107360,107440,107160,107290,21273
000121,107290,107350,107120,107210,35918
000122,107210,107630,107150,107370,54729
000123,107350,107490,107230,107230,21751
000124,107230,107620,107050,107440,14757
000125,107440,107790,107280,107760,15754
000126,107760,107980,107700,107720,17829
000127,107710,107770,107510,107730,10021
000128,107710,107800,107560,107640,7189
000129,107630,107630,106210,106390,101004
000130,106390,106490,105860,106150,66500
000131,106160,106340,105880,106010,54557
000201,106030,106100,105650,105750,50658
000202,105720,105780,105540,105720,45006
000203,105720,105880,105510,105530,39885
000204,105530,105720,105270,105310,64925
000205,105310,105360,104610,105000,109600
000206,105000,105040,104690,104740,38864
000207,104830,105250,104760,105040,24883
000208,105040,105310,105030,105230,11208
000209,105230,105280,104820,104920,14403
000210,104910,105190,104910,105040,8183
000211,105040,105800,104990,105530,18867
000212,105490,105750,104100,104370,110286
000213,104370,104530,103660,103810,69163
000214,103800,104340,103800,103850,45216
000215,103850,104090,103710,103980,25304
000216,103990,104050,103550,103630,26283
000217,103630,104260,103580,103980,50915
000218,103970,104080,103680,103970,40318
000219,103970,104030,103410,103690,67437
000220,103690,104430,103680,104180,88039
000221,104190,104630,104110,104380,22340
000222,104370,104520,104100,104150,11532
000223,104170,104300,103610,103770,18280
000224,103760,103990,103710,103970,9337
000225,103950,104070,103700,103790,7357
000226,103750,103750,102390,102650,133563
000227,102660,103880,102540,103550,92731
000228,103550,103600,102810,103160,122489
000229,103150,103530,102910,103170,35206
000301,103190,103580,103080,103160,34105
000302,103150,103690,103150,103440,54791
000303,103440,104300,103430,103700,79665
000304,103690,103970,103530,103680,39329
000305,103670,104130,103670,104010,37221
000306,104130,104420,104070,104250,21205
000307,104260,104470,104160,104390,8958
000308,104390,104390,104060,104180,9053
000309,104180,104340,104110,104280,11940
000310,104280,104800,104270,104420,17999
000311,104420,105000,104120,104770,97261
000312,104780,105130,104670,105080,50647
000313,105080,105120,104610,104750,37243
000314,104750,104770,104080,104240,55713
000315,104240,104440,104140,104240,25258
000316,104250,104250,103570,103720,64850
000317,103720,104040,103650,104010,37603
000318,104030,104210,103840,103990,55806
000319,103990,104080,103750,103760,31280
000320,103790,104130,103740,103940,13478
000321,103950,104160,103930,104050,9429
000322,104060,104080,103920,103990,5711
000323,104000,104100,103660,103910,11589
000324,103900,104060,103860,104030,6488
000325,104030,104290,103310,103610,92786
000326,103610,103890,103350,103690,53340
000327,103690,103780,103400,103490,35198
000328,103490,104100,103470,103900,43901
000329,103900,103910,103700,103760,21871
000330,103760,103920,103590,103700,28036
000331,103700,103840,103490,103720,34690
000401,103730,103980,103520,103630,40450
000402,103640,104250,103450,104130,33238
000403,104260,104590,104130,104460,25248
000404,104460,104510,104220,104320,11396
000405,104310,104790,104310,104770,18098
000406,104780,104890,104460,104570,11789
000407,104550,104570,104050,104100,12492
000408,104080,104250,103650,104060,65835
000409,104060,104250,103820,104180,39307
000410,104180,104640,104150,104600,47366
000411,104600,104660,104280,104480,38494
000412,104480,104600,104290,104460,20208
000413,104460,104650,104330,104390,23560
000414,104370,104490,103930,104210,43878
000415,104220,104280,102820,103150,143123
000416,103160,103230,102850,103020,36241
000417,103040,103050,102490,102610,23350
000418,102630,102770,102410,102750,17559
000419,102740,102930,102630,102770,15507
000420,102770,102830,102640,102760,8719
000421,102750,102810,102600,102700,8352
000422,102710,103150,102630,102990,61008
000423,102990,103020,102480,102720,51341
000424,102720,102900,102510,102560,36924
000425,102560,102750,102550,102620,27011
000426,102600,102620,101900,102150,70225
000427,102150,102170,101740,101970,41679
000428,101970,102890,101930,102880,85536
000429,102890,103190,102710,102840,80484
000430,102850,103500,102840,103410,50552
000501,103450,103490,103290,103430,16808
000502,103440,103440,103320,103380,12535
000503,103380,103390,103000,103030,11326
000504,103020,103190,103010,103130,7430
000505,103110,103160,103020,103060,4737
000506,103020,103250,102680,102910,70519
000507,102910,103830,102810,103750,67265
000508,103750,104070,103540,103960,52831
000509,103950,104020,103670,103700,27756
000510,103700,103890,103470,103790,29529
000511,103780,103830,103380,103560,38872
000512,103560,103640,103030,103340,61838
000513,103340,103390,102930,103190,45832
000514,103190,103700,103160,103630,36824
000515,103630,103840,103460,103510,16527
000516,103510,103530,103210,103240,12881
000517,103250,103400,102670,102800,22027
000518,102800,103190,102800,103180,16843
000519,103180,103490,103140,103340,8682
000520,103400,103700,102890,103310,100675
000521,103320,103650,103070,103190,63171
000522,103190,103480,103110,103300,37095
000523,103310,103490,103200,103200,26397
000524,103220,103250,103000,103110,36906
000525,103100,103180,102860,103070,33940
000526,103070,103720,103030,103350,63428
000527,103340,103470,103060,103100,56746
000528,103100,103360,102820,103230,48531
000529,103210,103370,103100,103340,15266
000530,103350,103360,103160,103220,6584
000531,103220,103460,103200,103350,10562
000601,103340,103500,103270,103330,7551
000602,103330,103380,102910,102950,11791
000603,102990,103120,102060,102140,103497
000604,102140,102560,101910,102500,54274
000605,102510,102530,102140,102160,25338
000606,102150,102380,102130,102340,21928
000607,102350,102420,102180,102260,18794
000608,102250,102490,101980,102370,47427
000609,102370,102640,102110,102340,52072
000610,102320,102600,101520,101620,110110
000611,101610,101640,101250,101440,56828
000612,101440,101460,100770,100840,23901
000613,100840,101090,100640,101000,14391
000614,101000,101100,100160,100280,35965
000615,100290,100310,99770,99800,33205
000616,99780,100120,99620,100100,14199
000617,97560,97930,96140,96290,133285
000618,96290,96820,95540,95690,79050
000619,95690,95930,94840,95170,94023
000620,95150,95740,95070,95480,72100
000621,95500,95580,94980,95440,60785
000622,95440,96370,94760,96260,113154
000623,96260,96290,95290,95770,96521
000624,95770,96680,95530,96640,83917
000625,96650,97170,96530,97130,53949
000626,97120,97300,96820,97200,27211
000627,97190,97360,97160,97260,13390
000628,97250,97260,96900,96960,16572
000629,96950,97110,96820,96870,12340
000630,96870,96980,96690,96910,7060
000701,97520,97580,97360,97430,14696
000702,97430,97720,97310,97550,37321
000703,97540,97810,97340,97570,49082
000704,97570,97960,97500,97640,38050
000705,97640,97830,97600,97640,23722
000706,97630,97770,97110,97150,46924
000707,97150,97200,96410,96670,76976
000708,96670,96940,96570,96830,37533
000709,96860,96980,96580,96670,16108
000710,96670,96850,96660,96800,9015
000711,96790,96980,96720,96910,8891
000712,96900,96920,96780,96890,5787
000713,96890,96990,96740,96990,6000
000714,96990,97420,96900,97120,66877
000715,97140,97580,97060,97420,46669
000716,97430,97560,97100,97360,42616
000717,97340,97510,97150,97350,24542
000718,97360,97480,97260,97320,20149
000719,97320,97370,96870,97010,36793
000720,97000,97340,96930,97190,35973
000721,97190,97730,97170,97710,53157
000722,97700,97830,97530,97620,35452
000723,97590,97810,97370,97440,22061
000724,97440,97650,97430,97580,9542
000725,97570,97600,97210,97250,16037
000726,97250,97580,97230,97510,9098
000727,97520,97750,97350,97750,8782
000728,97750,98540,97750,98080,97520
000729,98080,98180,97480,97790,58782
000730,97780,97870,97150,97170,50432
000731,97170,97340,96510,96900,87894
000801,96890,96890,96120,96230,46636
000802,96220,96580,96140,96270,43716
000803,96260,96370,95580,95730,68425
000804,95720,95960,95550,95720,58593
000805,95710,95930,95580,95660,36006
000806,95710,95890,95300,95590,20814
000807,95590,95820,95540,95700,13450
000808,95700,95870,95650,95770,9951
000809,95770,95870,95450,95470,14556
000810,95470,96140,95390,95780,18438
000811,95550,95870,94380,95000,124435
000812,95000,95490,94810,95010,69764
000813,95000,95600,94920,95560,44097
000814,95560,95620,95090,95460,41532
000815,95460,95660,95370,95460,35472
000816,95470,95950,95320,95670,50329
000817,95670,95780,95160,95710,51454
000818,95720,96180,95330,95780,91781
000819,95790,95800,94750,94910,74205
000820,94930,94930,93700,93720,67212
000821,93720,94000,93550,93700,31105
000822,93700,94160,93590,93930,21618
000823,93920,94140,93880,93970,11533
000824,93970,94150,93740,94050,9491
000825,94090,94530,93820,94320,78508
000826,94310,94740,94240,94640,43527
000827,94640,95460,94560,95390,65817
000828,95400,95660,95230,95360,44722
000829,95360,95970,95260,95510,41831
000830,95510,95940,95420,95620,44306
000831,95620,95990,95230,95760,65781
000901,95780,95850,95120,95530,86225
000902,95530,96040,95510,95830,49335
000903,95840,96280,95750,96180,22996
000904,96190,96240,95660,95810,23773
000905,95790,95990,95720,95890,13543
000906,95880,95900,95440,95480,15306
000907,95480,95630,95400,95480,8636
000908,95540,96150,95420,95830,71089
000909,95830,96780,95640,96480,79232
000910,96480,97030,96470,96830,45499
000911,96820,96970,96530,96700,31234
000912,96690,97180,96640,96660,59967
000913,96650,96980,96620,96780,29949
000914,96770,96880,96330,96840,46419
000915,96840,97250,96590,97070,99876
000916,97060,97200,96880,97030,30201
000917,97040,97200,96890,96960,13203
000918,96970,97130,96650,97020,21385
000919,97030,97160,96960,97060,9513
000920,97060,97340,96930,97190,16136
000921,97170,97290,97100,97200,10172
000922,97250,98170,97250,97830,110476
000923,97840,97960,97550,97920,54759
000924,97920,98240,97700,97750,48470
000925,97750,97930,97480,97700,39589
000926,97680,97760,97430,97660,22676
000927,97660,97870,97560,97700,32473
000928,97700,97790,97440,97460,39612
000929,97470,97490,96660,96800,93406
000930,96810,97340,96760,97300,40139
001001,97360,97730,97360,97700,23629
001002,97700,97790,97040,97080,33334
001003,97070,97120,96810,97120,29935
001004,97120,97520,97030,97370,20202
001005,97370,97550,97260,97280,8706
001006,97290,97700,96970,97030,79952
001007,97030,97600,96930,97180,58554
001008,97180,97860,97120,97750,57724
001009,97760,98200,97610,98100,51973
001010,98080,98110,97790,97960,34077
001011,97950,98440,97860,98270,50956
001012,98280,98310,97860,98050,52501
001013,98050,98730,98000,98500,91130
001014,98510,98580,98270,98380,29929
001015,98400,98450,97810,97910,34613
001016,97900,98030,97230,97450,48133
001017,97440,97650,97290,97460,30843
001018,97440,97590,97300,97300,13439
001019,97300,97490,96410,96510,32262
001020,96640,97240,96640,97030,86683
001021,97030,97430,96930,97250,54029
001022,97250,97550,97200,97420,35330
001023,97400,97520,97230,97500,25914
001024,97490,97780,97380,97680,33651
001025,97670,97910,97350,97860,47506
001026,97860,98240,97790,97910,60655
001027,97910,98490,97610,98360,106424
001028,98360,98410,98080,98170,35064
001029,98240,98770,98180,98690,22473
001030,98680,98840,98620,98690,15636
001031,98700,98890,98570,98770,15826
001101,98770,98850,98590,98620,11746
001102,98620,98770,98550,98640,10834
001103,98670,99310,98670,98950,81019
001104,98950,99240,98900,99110,33709
001105,99130,99370,98650,98790,53603
001106,98800,99040,98600,98650,31323
001107,98660,99070,98640,98940,30059
001108,98940,98970,98320,98450,44273
001109,98450,98640,97940,98270,77555
001110,98270,98610,98130,98440,47795
001111,98450,98450,97560,97690,66439
001112,97630,97710,97110,97210,34888
001113,97210,97460,96860,97230,40106
001114,97250,97420,97060,97100,18723
001115,97090,97290,97050,97200,14911
001116,97200,97470,97190,97430,7719
001117,97430,98220,97420,98210,75904
001118,98200,98540,98120,98320,40162
001119,98320,98750,98290,98550,44861
001120,98560,98660,98330,98480,21219
001121,98470,98500,98210,98280,30562
001122,98290,98360,97840,98040,42931
001123,98040,98540,97850,97900,59270
001124,97890,98250,97690,97950,43874
001125,97950,98500,97890,98490,39295
001126,98470,98580,98300,98470,11177
001127,98480,98920,98470,98890,20540
001128,98880,99080,98820,98960,18713
001129,98960,98990,98750,98770,11218
001130,98770,99080,98760,99080,8808
001201,99080,99460,98840,99150,66172
001202,99140,99150,98650,98680,39728
001203,98700,98750,97970,98020,54983
001204,98020,98390,97880,98340,33419
001205,98360,98480,98120,98230,23109
001206,98230,98590,97990,98500,38609
001207,98490,98970,98290,98910,60367
001208,98910,99070,98520,98530,53419
001209,98540,98950,98510,98610,38744
001210,98770,98940,98560,98780,14926
001211,98770,98880,98690,98800,6885
001212,98820,99260,98750,99170,18045
001213,99170,99340,99040,99060,7633
001214,99060,99380,98980,99220,11354
001215,99210,99600,98880,99240,78868
001216,99250,99570,99040,99520,47806
001217,99530,99850,99510,99710,41983
001218,99710,99780,99370,99620,31024
001219,99620,99670,99300,99500,25154
001220,99510,99690,99410,99620,19012
001221,99630,99910,99600,99860,31608
001222,99860,99970,99700,99770,26016
001223,99760,99890,99700,99810,17127
001224,99810,99810,99350,99430,17260
001225,99430,99750,99270,99690,13217
001226,99700,99790,99580,99580,5196
001227,99580,99670,99540,99620,3716
001228,99640,99700,99420,99540,6953
001229,99670,99970,99370,99400,62001
001230,99400,99440,98620,98780,103198
001231,98770,98900,98510,98550,49137
010101,98550,98810,98430,98540,41122
010102,98540,99060,98540,98950,42062
010103,98950,99040,98760,98890,29184
010104,98890,99160,98650,98690,62427
010105,98680,98740,98220,98430,88515
010106,98420,98980,98330,98900,46833
010107,98800,99050,98650,98840,23296
010108,98840,98870,98650,98710,14675
010109,98720,98770,98280,98390,30007
010110,98390,98690,98330,98560,14215
010111,98560,99290,98440,99180,29320
010112,99170,99280,98410,98620,101251
010113,98630,99030,98570,98960,37700
010114,98970,99000,98640,98910,34001
010115,98900,99120,98730,99050,29322
010116,99050,99100,98770,98880,23129
010117,98880,99070,98820,98870,23859
010118,98870,99240,98860,99100,41353
010119,99100,99200,98510,98600,59443
010120,98600,99390,98590,99020,98270
010121,99000,99180,98710,99040,17703
010122,99050,99210,98080,98220,59662
010123,98220,98470,98150,98380,21165
010124,98390,98460,98200,98340,14341
010125,98340,98400,98210,98350,6703
010126,98260,98260,97730,98080,84774
010127,98080,98390,97860,97890,52345
010128,97880,98260,97840,98110,29451
010129,98100,98170,97890,97990,21254
010130,97970,98240,97910,98170,23682
010131,98160,98730,98150,98470,64092
010201,98460,98670,98020,98090,49563
010202,98090,98560,97850,98330,72480
010203,98340,98600,98180,98500,43188
010204,98430,99040,98280,98940,43813
010205,98940,98960,98490,98750,30041
010206,98760,98790,98570,98610,12221
010207,98610,98700,98440,98640,13094
010208,98640,98690,98330,98360,8691
010209,98420,99450,98420,99300,99780
010210,99300,99390,99110,99270,36453
010211,99270,99300,98620,98670,52417
010212,98680,98890,98220,98300,57641
010213,98300,98550,98160,98520,38134
010214,98520,98750,98400,98740,34755
010215,98740,98960,98580,98870,44898
010216,98870,99400,98860,99350,99386
010217,99350,99700,99250,99250,66187
010218,99310,99590,99280,99500,19592
010219,99500,99640,99390,99580,10683
010220,99590,99600,99270,99350,11416
010221,99350,99490,99220,99360,10791
010222,99360,99490,99300,99360,8756
010223,99350,99700,98400,98500,97998
010224,98500,98620,98090,98440,62060
010225,98440,98730,98330,98490,37305
010226,98490,98660,98390,98560,24326
010227,98560,98650,98270,98540,26535
010228,98530,98810,98480,98720,29245
010301,98710,99000,98710,98990,41890
010302,98990,99330,98830,99270,68748
010303,99260,99320,98830,98910,54295
010304,98930,99440,98930,99330,27682
010305,99330,99430,99150,99410,12972
010306,99420,99490,99300,99400,12447
010307,99410,99460,99320,99330,7582
010308,99330,99840,99270,99700,24284
010309,99740,100160,99640,99980,70080
010310,99990,100340,99800,100200,44577
010311,100200,100270,100030,100120,23609
010312,100130,100490,100120,100350,30388
010313,100370,100590,100350,100570,24547
010314,100560,101170,100320,101120,75400
010315,101110,101390,100970,101260,73973
010316,101270,101480,100650,100700,136949
010317,100700,101290,100530,101230,58352
010318,101220,101920,101220,101910,51688
010319,101910,102010,101510,101780,33083
010320,101780,101830,101570,101670,21190
010321,101670,101780,101440,101460,17627
010322,101450,101690,101410,101580,10132
010323,101500,101730,101220,101600,76445
010324,101600,101600,101130,101520,42326
010325,101510,101880,101430,101710,43897
010326,101720,102050,101400,101530,66239
010327,101520,101610,101250,101460,38579
010328,101460,101810,101170,101400,63511
010329,101400,101680,101320,101580,43741
010330,101570,101600,101360,101470,36618
010331,101480,101790,101390,101750,37934
010401,101720,102040,101710,101890,19436
010402,101900,102000,101740,101900,13270
010403,101910,102190,101790,102170,15111
010404,102180,102260,101930,102150,13668
010405,102150,102150,101910,102000,8304
010406,101920,102200,101750,102060,48838
010407,102050,102700,102020,102590,58300
010408,102590,102710,102440,102540,35860
010409,102530,102980,102530,102870,38354
010410,102860,102870,102680,102830,21024
010411,102830,103560,102810,103130,98310
010412,103130,103590,102840,103430,69184
010413,103430,103450,103040,103170,48263
010414,103170,103730,103090,103710,41895
010415,103740,103850,103590,103620,18278
010416,103630,103770,103540,103690,11843
010417,103690,103860,103530,103780,14891
010418,103780,103950,103720,103810,12283
010419,103800,103900,103720,103850,10473
010420,103770,104320,103660,104200,72710
010421,104200,104220,103340,103480,69252
010422,103480,103540,102460,102830,84485
010423,102830,102850,102530,102670,24478
010424,102680,102920,102570,102830,17825
010425,102840,102920,102670,102710,20998
010426,102700,102970,102610,102760,34116
010427,102770,102890,102660,102830,29393
010428,102840,103020,102650,102780,32168
010429,102810,102980,102710,102980,11015
010430,102980,103020,102780,102890,9621
010501,102900,102980,102760,102940,7201
010502,102950,103000,102820,102890,6528
010503,102900,103270,102890,103130,9326
010504,103200,103260,102670,103040,65335
010505,103030,103650,102950,103440,57393
010506,103450,103900,103410,103520,45239
010507,103520,103580,102550,102830,70031
010508,102830,103370,102800,103280,50500
010509,103290,103540,102810,102830,46881
010510,102840,103020,102600,102770,44202
010511,102770,102880,102510,102860,47164
010512,102850,102930,102720,102750,29180
010513,102890,102930,102160,102280,24971
010514,102280,102470,102120,102430,19066
010515,102440,102660,102380,102470,12108
010516,102480,102760,102470,102710,7620
010517,102720,102970,102410,102500,15936
010518,102460,103160,102250,103070,82877
010519,103060,103440,102940,103410,49707
010520,103410,103750,103210,103630,44019
010521,103630,103730,103470,103620,24759
010522,103620,103830,103560,103770,21003
010523,103780,103800,103420,103540,26572
010524,103540,103990,103500,103890,35972
010525,103870,104130,103360,103830,101839
010526,103830,104400,103830,104270,53521
010527,104310,104360,104000,104140,13523
010528,104120,104300,104070,104270,9625
010529,104270,104290,104110,104180,7825
010530,104180,104450,104150,104440,9554
010531,104420,104480,104260,104280,10697
010601,104360,104660,103960,104530,79447
010602,104520,104550,104020,104050,51643
010603,104040,104280,103830,104120,45881
010604,104130,104230,103910,103990,21070
010605,104000,104270,103920,104000,23882
010606,104000,104230,103690,104040,55573
010607,104040,104390,103890,104260,43888
010608,104260,104360,103850,104300,61267
010609,104310,104370,103760,103960,48629
010610,104010,104150,103620,104010,25432
010611,104000,104020,103740,103810,11154
010612,103810,103890,103700,103790,9331
010613,103790,103890,103750,103790,6073
010614,103800,103930,103760,103900,4969
010615,103880,103930,103310,103390,53765
010616,103410,103470,103210,103430,41109
010617,103440,104090,103430,103990,55621
010618,103990,104330,103570,103660,53753
010619,103650,103650,103250,103410,36832
010620,103420,103590,103320,103360,25994
010621,103360,103690,102930,102980,52860
010622,102980,103020,102370,102370,82886
010623,102370,102770,102300,102640,39512
010624,102670,102720,102340,102590,16629
010625,102580,102870,102560,102560,13370
010626,102580,102690,102450,102630,11499
010627,102620,102640,102450,102540,8042
010628,102530,102700,102410,102630,7617
010629,102630,102630,101390,101490,95121
010630,101490,101850,101130,101280,87068
010701,101270,101560,101020,101320,55993
010702,101320,102210,101080,101930,78657
010703,101930,101940,101020,101060,45400
010704,101050,101360,100960,101280,43410
010705,101270,101350,100830,101170,53465
010706,101180,101600,101140,101220,54692
010707,101230,101470,101160,101310,29239
010708,101360,101580,101260,101300,12089
010709,101300,101360,101130,101230,9563
010710,101250,101430,101240,101420,7511
010711,101410,101540,101330,101410,7549
010712,101390,101740,101390,101420,8982
010713,101500,101970,101370,101860,60685
010714,101870,101980,101180,101340,60516
010715,101330,101460,100800,100860,49805
010716,100850,101200,100620,101010,53639
010717,101000,101110,100870,100900,24568
010718,100910,101020,100650,100840,52039
010719,100850,101200,100830,101030,44020
010720,101030,101130,100460,100570,71139
010721,100560,101460,100550,101440,48976
010722,101440,101460,101250,101400,15153
010723,101400,101450,101340,101370,5140
010724,101380,101680,101340,101510,14276
010725,101510,101560,101200,101310,8444
010726,101300,102160,101280,101990,23331
010727,101950,102330,101620,101810,78260
010728,101800,101870,101150,101290,50609
010729,101300,101390,101070,101330,28117
010730,101340,101440,101220,101360,16981
010731,101380,101770,101300,101620,28962
010801,101620,101680,101400,101620,20834
010802,101610,101820,101510,101650,32078
010803,101650,102110,101410,101520,96238
010804,101520,102290,101220,102250,64338
010805,102300,102520,102180,102210,28479
010806,102200,102320,102050,102190,15323
010807,102170,102970,102170,102760,54170
010808,102760,102940,102720,102890,15335
010809,102900,103030,102750,102820,12963
010810,102760,103150,102630,102820,75871
010811,102820,103080,102760,102770,30471
010812,102770,103250,102750,103120,42681
010813,103120,103140,102810,102920,27502
010814,102930,102960,102420,102500,46076
010815,102500,102720,102470,102700,21981
010816,102700,102940,102510,102840,36838
010817,102850,103020,102690,102750,40805
010818,102750,103150,102680,102960,38617
010819,103010,103110,102620,102640,14153
010820,102630,102690,101870,102270,42631
010821,102270,102640,102240,102360,23629
010822,102360,102590,102300,102550,8961
010823,102530,102690,102300,102520,10668
010824,102370,102500,101840,102340,75480
010825,102350,102490,101950,102120,51599
010826,102120,102170,101490,101490,58097
010827,101490,101770,101360,101640,40009
010828,101620,101700,101200,101310,33146
010829,101310,101390,100910,100950,47411
010830,100950,101110,100680,101000,59213
010831,101000,101310,100870,100950,45310
010901,100950,101690,100920,101630,41488
010902,101580,101800,101500,101640,17126
010903,101630,101650,101490,101530,8642
010904,101520,101830,101430,101790,15291
010905,101790,101800,101530,101570,7267
010906,101550,101630,101350,101500,7062
010907,101500,101520,1e+05,100020,108528
010908,100020,100140,99650,99970,58419
010909,99970,100350,99890,100270,32989
010910,100270,100480,100110,100410,44137
010911,100390,100860,100290,100670,40577
010912,100680,100740,100120,100240,34914
010913,100240,100620,100200,100390,44244
010914,100380,100790,100250,100780,43687
010915,100770,101430,100770,101390,45475
010916,101440,101440,101040,101120,19326
010917,101120,101410,101030,101390,10099
010918,101390,101800,101320,101800,21148
010919,101800,101820,101530,101640,13272
010920,101640,101760,101450,101520,7411
010921,101490,102220,101310,101910,92669
010922,101910,102340,101900,102220,47171
010923,102230,102420,101970,102300,37996
010924,102300,102380,102030,102150,30371
010925,102130,102160,101650,101740,31711
010926,101730,102130,101720,101960,31899
010927,101970,102200,101700,101860,50739
010928,101850,102180,101780,102000,42116
010929,102010,102090,101120,101200,65306
010930,101280,101630,101200,101620,19109
011001,101630,101780,101480,101600,12729
011002,101600,101760,101580,101620,6448
011003,101610,101630,101360,101540,10446
011004,101540,101590,101000,101180,18409
011005,101120,101350,100960,101210,56587
011006,101220,101690,101220,101530,44333
011007,101530,101640,101400,101580,21970
011008,101580,101740,101460,101550,27599
011009,101550,101640,101310,101490,21384
011010,101490,101650,101230,101560,32359
011011,101580,102060,101570,102040,49038
011012,102030,102060,101310,101480,90346
011013,101480,102520,101430,102410,91789
011014,102480,102670,102250,102370,18769
011015,102350,102550,102300,102510,13095
011016,102520,102790,102480,102690,15966
011017,102690,102700,102380,102440,10186
011018,102440,102510,102330,102410,6734
011019,102400,102640,101760,102220,87334
011020,102210,102730,102050,102560,49874
011021,102560,102920,102530,102640,41395
011022,102650,102800,102520,102590,22517
011023,102610,102670,102380,102570,27126
011024,102570,102940,102550,102850,30014
011025,102870,102940,102570,102580,35119
011026,102590,102870,102510,102810,39692
011027,102810,103120,102720,102950,38164
011028,102900,103020,102460,102630,27741
011029,102640,102760,102480,102590,8614
011030,102600,102660,102220,102230,16491
011031,102220,102320,102080,102280,15728
011101,102280,102300,101950,101950,8146
011102,101980,102420,101930,102060,65308
011103,102050,102240,101820,102030,53191
011104,102020,102130,101750,101970,31461
011105,101960,102040,101800,102020,21152
011106,102010,102330,102010,102230,21275
011107,102230,102800,102200,102550,73672
011108,102550,102650,102340,102340,45959
011109,102350,102580,102000,102570,56478
011110,102580,103050,102570,102800,49470
011111,102860,102920,102670,102710,15414
011112,102710,102820,102630,102740,10171
011113,102750,102850,102730,102760,8452
011114,102760,102800,102660,102740,6473
011115,102760,102760,102430,102650,10310
011116,102650,103200,102560,103100,64372
011117,103100,103380,102700,102890,70342
011118,102900,102970,102560,102690,44173
011119,102690,102930,102670,102830,26576
011120,102830,103180,102830,103040,26439
011121,103040,103520,103030,103350,48132
011122,103360,103560,103240,103540,39444
011123,103540,103690,103050,103210,63457
011124,103200,103330,103140,103220,26099
011125,103200,103450,103200,103420,15507
011126,103410,103650,103350,103460,14359
011127,103460,103530,103290,103460,10762
011128,103450,103590,103400,103450,4156
011129,103450,103550,103400,103470,5894
011130,103430,104000,103230,103790,73971
011201,103790,104130,103750,103770,52362
011202,103770,104070,103680,104010,39992
011203,104000,104140,103920,104100,28568
011204,104100,104220,104050,104150,29533
011205,104150,104330,104050,104290,32982
011206,104290,104610,104120,104530,63996
011207,104540,104590,104200,104570,42171
011208,104580,104930,104550,104800,39502
011209,104900,104980,104680,104760,15557
011210,104750,104810,104630,104640,6888
011211,104640,104760,104560,104600,13171
011212,104590,104590,104260,104290,15326
011213,104290,104530,104260,104340,10461
011214,104270,104450,103820,104260,79195
011215,104260,104310,103840,104030,42931
011216,104030,104130,103660,103790,40764
011217,103790,104090,103740,104030,32817
011218,104030,104050,103800,103880,24259
011219,103870,103940,103660,103840,33826
011220,103840,103930,103330,103580,59622
011221,103580,103810,103400,103600,78444
011222,103590,103630,103280,103460,40940
011223,103510,103830,103420,103690,15220
011224,103680,103780,103620,103780,6690
011225,103780,103800,103530,103730,10811
011226,103730,104150,103730,104040,17190
011227,104040,104090,103970,103980,5690
011228,104010,104270,103870,104140,53630
011229,104130,104200,103540,103560,51210
011230,103560,103790,103450,103750,39238
011231,103740,103770,103560,103670,26537
020101,103660,103810,103560,103740,29640
020102,103740,104290,103650,104220,47456
020103,104220,104290,103800,103850,54521
020104,103860,103920,103060,103080,99866
020105,103090,103140,102810,102990,59373
020106,102890,102960,102520,102700,29695
020107,102710,102880,102620,102860,16381
020108,102860,103050,102760,102860,17986
020109,102860,102900,102440,102500,16971
020110,102500,102610,102400,102460,9354
020111,102460,102460,101760,102040,81422
020112,102040,102050,101120,101230,86024
020113,101240,101490,101170,101330,34726
020114,101330,101620,101240,101400,35709
020115,101410,101730,101410,101590,26657
020116,101580,102180,101470,101950,54251
020117,101930,102360,101920,102160,57412
020118,102160,102330,102100,102250,35209
020119,102250,102670,102250,102600,54644
020120,102600,102880,102410,102720,20219
020121,102730,102920,102680,102730,13451
020122,102730,102820,102590,102610,11144
020123,102610,102670,102430,102460,8185
020124,102460,102750,102410,102710,7701
020125,102750,103180,102570,102720,65993
020126,102720,103230,102520,103180,48585
020127,103180,103400,103110,103250,33917
020128,103250,103320,103080,103110,27863
020129,103120,103200,102930,103130,21872
020130,103140,103340,102750,102820,35557
020131,102820,103280,102710,103180,44584
020201,103180,103480,103090,103340,52643
020202,103330,103410,103040,103170,34021
020203,103040,103140,102550,102690,27764
020204,102690,102810,102560,102640,10509
020205,102640,102730,102270,102400,18798
020206,102400,102650,102340,102400,12392
020207,102400,102480,102350,102450,6536
020208,102490,102650,102090,102120,71851
020209,102120,102440,101980,102400,44816
020210,102400,102440,102150,102180,33573
020211,102170,102320,101910,102120,34181
020212,102100,102100,101850,102080,30289
020213,102080,102140,101760,101960,32949
020214,101950,102290,101890,102100,44932
020215,102100,102790,102060,102690,78269
020216,102700,102920,102680,102750,43093
020217,102900,103070,102750,102830,14737
020218,102820,102850,102670,102750,7553
020219,102750,102910,102730,102820,6692
020220,102810,102880,102760,102780,3743
020221,102780,103190,102770,103130,14037
020222,103200,103520,102930,103280,59420
020223,103280,103360,103040,103250,34747
020224,103250,103450,103100,103440,22979
020225,103440,103630,103300,103330,31224
020226,103330,103510,103300,103420,18254
020227,103420,103510,103150,103170,32340
020228,103160,103550,103110,103520,42975
020301,103520,103690,103290,103550,63429
020302,103550,103600,102820,102890,62419
020303,102850,102880,102640,102760,18822
020304,102760,102860,102550,102700,16645
020305,102700,102860,102550,102780,16639
020306,102790,102940,102650,102720,12175
020307,102710,102800,102590,102600,6559
020308,102680,103550,102510,103380,72388
020309,103380,103450,103160,103200,36367
020310,103200,103230,102970,103130,31164
020311,103130,103220,102730,102900,38229
020312,102890,103170,102760,103160,24608
020313,103160,103270,102700,102980,41557
020314,102990,103430,102860,103310,48189
020315,103310,103420,102950,103250,52368
020316,103250,103500,103190,103440,28018
020317,103500,103640,103290,103310,22252
020318,103300,103340,103140,103210,15452
020319,103200,103340,103170,103280,7661
020320,103270,103280,102620,102670,21413
020321,102670,102810,102520,102540,9589
020322,102600,102970,102210,102240,81867
020323,102250,102280,102050,102200,42557
020324,102210,102270,102060,102110,23367
020325,102110,102430,102000,102340,29164
020326,102340,102350,102130,102220,16860
020327,102220,102390,102180,102180,22860
020328,102180,102320,101810,101870,57003
020329,101890,102380,101730,102310,64014
020330,102320,102680,102190,102670,43199
020331,102680,103400,102680,103250,52105
020401,103240,103380,102960,103090,16492
020402,103100,103340,103030,103220,12526
020403,103210,103240,103090,103160,8245
020404,103170,103300,103100,103180,7501
020405,103150,103210,102810,103110,72670
020406,103100,103260,103000,103050,29813
020407,103050,103230,103040,103150,18522
020408,103160,103510,103130,103510,30991
020409,103510,103630,103440,103480,28138
020410,103470,103800,103320,103720,31369
020411,103720,103820,103270,103310,49299
020412,103320,103390,102970,103170,56585
020413,103160,103360,103110,103240,30066
020414,103210,103320,103090,103150,9809
020415,103150,103280,102910,102940,12815
020416,102940,103030,102790,102960,17396
020417,102970,103270,102920,103140,9156
020418,103150,103180,103040,103110,4734
020419,103140,103870,103140,103640,57105
020420,103640,103890,103530,103860,38777
020421,103850,103870,103400,103590,32241
020422,103580,103680,103470,103620,19064
020423,103610,103630,103310,103500,25045
020424,103490,103720,103440,103560,23576
020425,103560,104060,103520,103970,53415
020426,103970,104040,103800,103970,42447
020427,103970,104110,103880,103960,32313
020428,103990,104070,103840,103900,12088
020429,103890,103990,103820,103940,8548
020430,103950,104030,103900,103990,5875
020501,103980,104010,103910,103920,4073
020502,103920,103960,103610,103770,12929
020503,103750,103920,103630,103870,36504
020504,103870,104020,103630,103750,35566
020505,103750,103820,103470,103540,30566
020506,103540,103740,103540,103730,16603
020507,103720,103960,103640,103680,28506
020508,103680,103750,103520,103700,25863
020509,103700,103900,103630,103850,34015
020510,103860,104190,103740,104060,72794
020511,104060,104390,104010,104370,33335
020512,104380,104400,104140,104210,11817
020513,104210,104370,104160,104300,7431
020514,104300,104450,104250,104410,10321
020515,104420,104500,104370,104410,6716
020516,104400,104490,104280,104340,7586
020517,104360,104690,104230,104580,47602
020518,104580,104610,104440,104470,24140
020519,104470,104560,104370,104450,14604
020520,104450,104680,104440,104630,16521
020521,104640,104830,104570,104770,21326
020522,104770,104940,104740,104890,24657
020523,104890,104890,104660,104690,31279
020524,104690,104910,104570,104850,35702
020525,104860,104930,104450,104500,34535
020526,104450,104670,104420,104550,13103
020527,104550,104840,104500,104730,10614
020528,104730,104880,104700,104870,5706
020529,104870,105080,104870,104910,15906
020530,104930,104990,104810,104830,4741
020531,104900,105430,104900,105290,52422
020601,105280,105550,105210,105390,32957
020602,105400,105440,105260,105320,18544
020603,105310,105390,105280,105350,11102
020604,105330,105360,105150,105300,19191
020605,105310,105310,104940,105190,29574
020606,105180,105490,105130,105260,33140
020607,105270,106000,105230,105690,83816
020608,105700,105920,105630,105920,26055
020609,105930,106090,105880,106000,18174
020610,106010,106160,106000,106030,9266
020611,106030,106260,106010,106230,7218
020612,106250,106320,106120,106210,11173
020613,106210,106280,106040,106120,8334
020614,106080,106300,105860,106140,51112
020615,106130,106720,106130,106620,55626
020616,106620,106680,106400,106420,22367
020617,106430,106690,106430,106650,16290
020618,106650,106680,106570,106650,12839
020619,106650,106900,106600,106860,29929
020620,106860,106940,106410,106570,39611
020621,106560,106770,106420,106680,38862
020622,106690,106730,106500,106520,25447
020623,106620,106690,106530,106660,10238
020624,106650,106900,106630,106800,10162
020625,106800,106840,106660,106770,6936
020626,106770,106860,106720,106820,3999
020627,106820,106960,106790,106910,6442
020628,106900,106900,105940,105970,71746
020629,105980,106080,105550,105590,51991
020630,105590,105750,105390,105400,38490
020701,105410,105640,105320,105600,24630
020702,105610,105920,105590,105690,36162
020703,105690,105960,105690,105900,26419
020704,105880,106060,105720,105970,40207
020705,105970,106600,105850,106480,60495
020706,106480,106860,106360,106830,38886
020707,106790,106870,106700,106840,12795
020708,106840,107000,106810,106870,9719
020709,106880,106950,106820,106900,7160
020710,106890,106980,106810,106820,6115
020711,106830,107140,106760,106800,11362
020712,106850,107470,106830,107350,58713
020713,107360,107520,107220,107360,30172
020714,107360,107390,106800,106900,44536
020715,106900,107030,106660,107000,35191
020716,107000,107250,106960,107130,29956
020717,107130,107290,106830,107090,38366
020718,107100,108030,107030,107880,90001
020719,107880,108390,107810,108140,116424
020720,108150,108470,108100,108300,38028
020721,108340,108460,107890,108090,22019
020722,108100,108140,107580,107740,20291
020723,107740,107910,107700,107830,10274
020724,107830,107830,107650,107760,7100
020725,107760,107810,107650,107720,6003
020726,107650,108260,107510,108190,70677
020727,108190,109450,108090,109220,128676
020728,109220,109360,109030,109240,39811
020729,109240,109680,109100,109490,44517
020730,109500,109590,109200,109350,22904
020731,109340,109840,109170,109680,43026
020801,109680,109790,109460,109640,44890
020802,109640,109860,109130,109480,66029
020803,109480,109490,109260,109330,32593
020804,109380,109810,109380,109700,19584
020805,109700,109750,109530,109600,10508
020806,109590,109710,109500,109580,8009
020807,109580,109590,109310,109430,10732
020808,109420,109420,109250,109270,6315
020809,109330,110360,109280,109640,92905
020810,109640,109970,109430,109780,40028
020811,109790,109930,109520,109650,21256
020812,109660,109940,109560,109920,21873
020813,109920,110420,109880,110060,44639
020814,110050,110330,109710,109970,62468
020815,109980,110330,109820,109920,51929
020816,109910,110290,109650,110270,51484
020817,110270,110400,109820,109990,33666
020818,110010,110360,110010,110290,15740
020819,110290,110570,110170,110490,13141
020820,110490,110650,110280,110560,10816
020821,110570,110720,110510,110540,10214
020822,110530,110620,110340,110360,7372
020823,110330,110330,109100,109200,66341
020824,109200,109650,109110,109340,40009
020825,109350,109430,108860,108860,38278
020826,108860,109060,108760,108970,23190
020827,108970,109020,108680,108740,22141
020828,108740,109270,108670,109190,35482
020829,109190,109490,109170,109200,33865
020830,109190,109630,109190,109290,35170
020831,109300,109470,108950,109390,30866
020901,109440,110080,109370,109740,23529
020902,109730,109800,109650,109730,4694
020903,109730,109910,109670,109840,4460
020904,109840,109850,109480,109570,8668
020905,109560,109820,109500,109550,6601
020906,109550,109750,109170,109380,52295
020907,109380,109500,109110,109360,31831
020908,109350,109530,109030,109200,31033
020909,109190,109250,108910,108980,27466
020910,108960,109050,108680,108790,38190
020911,108790,109130,108730,109060,41283
020912,109060,109790,109060,109610,76354
020913,109620,110130,109610,110110,65296
020914,110110,110350,110090,110260,45982
020915,110230,110400,109340,109480,38579
020916,109470,109490,109040,109330,31477
020917,109340,109670,109310,109530,17137
020918,109530,109540,109190,109250,14895
020919,109260,109390,109230,109230,5518
020920,109300,109810,109270,109780,61105
020921,109770,110040,109660,109720,46879
020922,109730,109800,109440,109670,36214
020923,109660,109780,109480,109550,24396
020924,109560,109700,109480,109590,20552
020925,109590,109890,109560,109640,29293
020926,109640,110000,109630,109930,38060
020927,109930,110500,109870,110490,74631
020928,110490,110750,110440,110590,42724
020929,110590,110920,110570,110770,20290
020930,110770,110950,110760,110810,10484
021001,110800,110920,110760,110860,5594
021002,110850,111160,110820,111010,12074
021003,111010,111120,110860,110890,9496
021004,110850,111650,110800,111550,66473
021005,111550,111700,111360,111390,47148
021006,111390,111540,111220,111370,27990
021007,111360,111580,111280,111450,26067
021008,111450,111950,111440,111850,46874
021009,111850,112200,111620,112090,66259
021010,112080,112180,111880,111950,45996
021011,111950,111960,111480,111610,48096
021012,111610,111850,111290,111500,50767
021013,111450,111740,111270,111740,18877
021014,111740,111790,111610,111700,8029
021015,111710,111900,111640,111900,6401
021016,111890,111900,111690,111880,7490
021017,111880,111890,111740,111740,5827
021018,111730,112110,111240,111780,67154
021019,111780,111950,111660,111750,29919
021020,111750,112150,111720,111820,42060
021021,111820,112000,111720,111860,18032
021022,111840,111980,111620,111780,25497
021023,111790,112070,111640,112030,36645
021024,112040,112520,112020,112440,61301
021025,112440,112490,111410,111510,89119
021026,111520,111730,111450,111630,30029
021027,111740,111770,111300,111350,18406
021028,111350,111550,111150,111310,18855
021029,111320,111350,111260,111290,8554
021030,111290,111450,111270,111370,6829
021031,111370,111400,111290,111380,5059
021101,110930,112140,110930,111390,6771
021102,111400,111590,111340,111470,3700
021103,111480,111840,111420,111660,4252
021104,111660,111880,111580,111810,3656
021105,111830,112100,111800,112010,3969
021106,112020,112260,111950,112030,2375
021107,112030,112050,111710,112020,2198
021108,112040,112220,111860,112100,1567
021109,112090,112120,111750,112120,1465
021110,112180,112510,112070,112450,1110
021111,112400,112420,112230,112230,463
021112,112230,112330,112150,112270,360
021113,112280,112350,112190,112240,154
021114,112200,112220,112000,112000,185
021115,112250,112350,111880,112100,4031
021116,112070,112070,111590,111650,2053
021117,111640,111840,111560,111750,1120
021118,111730,111860,111420,111710,2628
021119,111740,111990,111690,111990,1467
021120,111980,112090,111730,111820,1324
021121,111820,112000,111580,111950,2200
021122,111970,112140,111790,111900,1854
021123,111890,112050,111770,112030,1822
021124,111960,112130,111820,111910,236
021125,111870,112010,111870,111970,218
021126,111960,112130,111880,111890,328
021127,111880,112010,111870,111990,123
021128,112020,112160,111950,112030,305
021129,111910,112640,111660,112560,5034
021130,112560,112630,112330,112520,4912
021201,112530,112800,112000,112150,3492
021202,112170,112370,112050,112250,832
021203,112280,112430,112180,112370,1525
021204,112370,112620,112350,112480,1475
021205,112480,112500,111980,112000,2083
021206,112000,112010,111410,111690,4364
021207,111680,111870,111170,111380,2656
021208,111210,111380,111000,111200,929
021209,111220,111770,111220,111720,749
021210,111670,111910,111640,111820,588
021211,111780,111800,111540,111600,273
021212,111610,111630,111400,111400,430
021213,111410,111670,111050,111290,3498
021214,111300,111430,110690,110720,10921
021215,110720,110980,110650,110780,8827
021216,110760,110930,110720,110800,5049
021217,110800,110990,110690,110940,4231
021218,110950,111260,110800,111230,4051
021219,111250,111420,111170,111270,3359
021220,111310,112000,111310,111890,5939
021221,111910,112360,111810,112290,3739
021222,112140,112200,111890,111980,712
021223,111990,112390,111960,112260,682
021224,112250,112340,112060,112110,472
021225,112100,112140,112040,112140,433
021226,112130,112330,111850,111850,1103
021227,111950,112210,111330,111420,9483
021228,111430,111580,111070,111550,8859
021229,111560,111570,111080,111400,4171
021230,111410,111600,111180,111410,3939
021231,111400,111680,111170,111620,3549
030101,111600,111880,111590,111700,2926
030102,111690,112310,111510,112130,12003
030103,112140,112180,111400,111590,12579
030104,111580,111650,111400,111500,4026
030105,111390,111680,111390,111560,1424
030106,111560,111930,111540,111900,1433
030107,111900,112060,111900,112000,874
030108,111990,112020,111880,111880,575
030109,111880,112110,111550,111550,1350
030110,111790,112430,111790,112090,9161
030111,112110,112330,112030,112270,5709
030112,112270,112340,111820,112010,11379
030113,112000,112030,111640,111830,5184
030114,111820,111950,111590,111830,5263
030115,111830,111990,111600,111690,4874
030116,111680,111920,111540,111820,7164
030117,111830,111860,111160,111220,8547
030118,111210,111430,111170,111390,7333
030119,111410,111500,111260,111380,1730
030120,111370,111430,111310,111380,640
030121,111370,111380,110960,110960,3684
030122,110990,111120,110970,111050,1138
030123,111090,111130,111040,111050,667
030124,111150,111480,110750,110900,23525
030125,110890,110950,110640,110780,10415
030126,110780,110900,110600,110800,15462
030127,110790,111030,110730,110880,16207
030128,110900,111200,110850,111100,9088
030129,111090,111590,111060,111350,15215
030130,111340,111390,110820,110830,16132
030131,110830,110900,110510,110710,16383
030201,110700,110790,110620,110730,4208
030202,110660,110720,110420,110700,6198
030203,110700,110780,110650,110740,1981
030204,110740,111000,110720,110860,2772
030205,110860,111100,110850,111070,2126
030206,111080,111090,110810,110970,1737
030207,110820,111060,110730,110980,26190
030208,110980,111200,110950,111020,19271
030209,111020,111300,110860,111140,18595
030210,111140,111400,111110,111330,10124
030211,111350,111560,111310,111410,14304
030212,111400,111730,111270,111430,33096
030213,111430,111800,111330,111700,19835
030214,111710,111980,111530,111920,26933
030215,111930,112150,111920,111930,26080
030216,111950,112100,111750,111760,8815
030217,111760,112050,111700,112000,5312
030218,112000,112010,110710,111170,43568
030219,111180,111740,111020,111640,15153
030220,111620,111660,111380,111630,6253
030221,111430,111430,110940,111150,55963
030222,111150,111450,111120,111340,50443
030223,111350,111950,111330,111790,49041
030224,111790,111830,111610,111760,29793
030225,111740,111750,111470,111650,28511
030226,111650,112020,111650,111890,46153
030227,111890,111960,111610,111820,41882
030228,111840,111930,111570,111740,45701
030301,111750,112090,111720,111820,29404
030302,111860,112070,111780,111880,21380
030303,111890,112040,111870,111990,7504
030304,112010,112130,111970,112070,8751
030305,112080,112100,111750,111850,10205
030306,111850,111970,111790,111880,5683
030307,111940,112210,111650,112140,68810
030308,112140,112180,111860,112020,34339
030309,112020,112270,111950,112140,37802
030310,112130,112220,112020,112090,20403
030311,112090,112340,111970,112070,29272
030312,112080,112220,112030,112130,16766
030313,112120,112280,112020,112150,33423
030314,112150,112300,112140,112150,27030
030315,112150,112240,111780,111900,45920
030316,111880,111930,111550,111650,17985
030317,111650,111700,111520,111610,12621
030318,111620,111800,111550,111740,8310
030319,111740,111840,111710,111760,5076
030320,111750,112060,111730,111940,6334
030321,112000,112360,111740,112260,60795
030322,112260,112590,112210,112500,40030
030323,112510,112670,112450,112580,30045
030324,112570,112780,112530,112740,23816
030325,112740,112980,112740,112950,33374
030326,112960,113000,112750,112860,25734
030327,112860,113280,112750,113260,37305
030328,113270,113430,112980,113000,49944
030329,113000,113180,112730,112810,43606
030330,112840,112930,112550,112830,27016
030331,112820,113270,112770,113250,19123
030401,113260,113350,113130,113200,10919
030402,113200,113410,113180,113380,9564
030403,113370,113390,113160,113210,5529
030404,113200,114040,113160,114020,82410
030405,114020,114320,113910,114090,47142
030406,114090,114120,113820,113900,29828
030407,113900,113990,113760,113970,20077
030408,113970,114010,113710,113830,23109
030409,113820,113830,113540,113680,30649
030410,113670,113810,113530,113650,31112
030411,113640,113810,113010,113030,60247
030412,113030,113100,112710,112870,48966
030413,112940,112940,112130,112410,51145
030414,112420,112840,112410,112780,22424
030415,112770,112940,112620,112890,11498
030416,112900,112940,112620,112620,7292
030417,112630,112840,112610,112700,6997
030418,112700,112890,112300,112410,80352
030419,112400,112590,112040,112090,55043
030420,112090,112270,111920,112160,42263
030421,112160,112470,112150,112430,25808
030422,112420,112760,112410,112690,27586
030423,112690,112860,112520,112550,38782
030424,112550,112670,112280,112340,40732
030425,112350,112650,112140,112240,57106
030426,112240,112570,112220,112440,28089
030427,112380,112470,112160,112460,16936
030428,112470,112590,112260,112330,11843
030429,112330,112580,112320,112490,8597
030430,112500,112620,112380,112410,7383
030501,112400,112420,112230,112290,5314
030502,112220,112220,111600,111980,64598
030503,111980,112690,111930,112570,61316
030504,112570,112840,112510,112580,49640
030505,112580,112770,112560,112710,21455
030506,112700,112750,112550,112610,15615
030507,112610,112980,112570,112860,43751
030508,112880,113120,112780,112830,40218
030509,112830,112880,112480,112610,42399
030510,112600,112620,112160,112200,48748
030511,112170,112220,111880,112200,34124
030512,112210,112270,112110,112260,6855
030513,112260,112340,112070,112320,8636
030514,112320,112440,112200,112400,7130
030515,112400,112490,112380,112420,4757
030516,112450,112590,112060,112560,56126
030517,112570,112840,112500,112810,40977
030518,112790,112950,112720,112800,29165
030519,112810,112980,112730,112800,20948
030520,112800,112900,112610,112720,26109
030521,112720,113320,112670,113270,54131
030522,113260,113370,113030,113130,46186
030523,113110,113570,113100,113340,40005
030524,113340,113660,113320,113450,28770
030525,113390,113420,113200,113300,11922
030526,113290,113410,113260,113310,3965
030527,113320,113530,113310,113410,6443
030528,113400,113480,113320,113360,5422
030529,113360,113420,113330,113380,4885
030530,113330,113490,113130,113270,46094
030531,113260,113400,113060,113340,30889
030601,113330,113350,113200,113210,13841
030602,113210,113250,112930,113060,31844
030603,113070,113140,112820,112910,26160
030604,112910,113100,112820,112970,28139
030605,112970,113130,112860,112860,30394
030606,112860,113000,112720,112740,35271
030607,112730,112970,112690,112880,25608
030608,112890,113210,112780,113060,22119
030609,113060,113100,112850,112970,9330
030610,112960,113050,112810,112930,9984
030611,112920,112950,112720,112760,8100
030612,112770,112880,112720,112800,5337
030613,112770,113290,112620,113120,49009
030614,113110,113260,113070,113110,25263
030615,113110,113150,112810,112910,28670
030616,112910,112990,112810,112960,14942
030617,112980,113080,112860,112970,14138
030618,112970,113000,112560,112640,35397
030619,112640,113310,112620,113200,44524
030620,113200,113390,113030,113030,43353
030621,113040,113060,112670,112930,35575
030622,112870,113100,112790,113070,15136
030623,113070,113100,113020,113030,4420
030624,113040,113060,112850,112930,7422
030625,112940,113050,112850,113050,5337
030626,113030,113090,112880,112890,5405
030627,112960,113260,112910,113010,46486
030628,113020,113030,112710,112970,40715
030629,112960,113110,112860,113010,18387
030630,113010,113380,112950,113350,38538
030701,113340,113550,113280,113470,28818
030702,113470,113750,113460,113570,35536
030703,113570,113630,113350,113470,25299
030704,113460,113690,113220,113580,48006
030705,113590,113660,113450,113650,22344
030706,113660,113930,113380,113510,22672
030707,113490,113600,113430,113490,7578
030708,113490,113540,113360,113460,6730
030709,113460,113500,113420,113450,4041
030710,113450,113470,113310,113320,4850
030711,113350,113700,113280,113390,39560
030712,113380,113840,113190,113770,48422
030713,113780,113940,113660,113750,38338
030714,113750,113770,113490,113640,28928
030715,113630,113640,113400,113480,31723
030716,113480,113790,113480,113760,24946
030717,113750,114130,113660,114020,43396
030718,114020,114500,113950,114320,68975
030719,114310,114490,114230,114480,29989
030720,114500,114640,114380,114430,14600
030721,114420,114440,114300,114340,6694
030722,114330,114380,114250,114270,7292
030723,114280,114340,114220,114230,4773
030724,114240,114340,114120,114320,7896
030725,114340,114630,114220,114580,43288
030726,114580,114760,114480,114510,33550
030727,114500,114620,114360,114560,26102
030728,114560,114750,114530,114660,26686
030729,114660,114700,114410,114440,16836
030730,114430,114440,114010,114050,57365
030731,114050,114090,113510,113600,69936
030801,113600,113710,113320,113480,59562
030802,113470,113510,113320,113420,26378
030803,113440,113540,113250,113460,16128
030804,113460,113550,113350,113430,8469
030805,113430,113440,113350,113400,4540
030806,113400,113440,113340,113430,4161
030807,113420,113460,113390,113390,3702
030808,113430,113640,113040,113060,60240
030809,113070,113190,112650,112830,53620
030810,112840,112930,112560,112800,29348
030811,112800,113020,112740,112850,20273
030812,112860,113070,112860,112970,18397
030813,112970,112990,112790,112940,18294
030814,112930,113040,112720,112840,22990
030815,112850,113030,112680,113010,26447
030816,113000,113190,112930,113170,20822
030817,113150,113380,113070,113190,17928
030818,113210,113280,113120,113170,4870
030819,113180,113230,112990,113000,7443
030820,113000,113030,112880,112980,6671
030821,112980,113130,112920,113020,4840
030822,113070,113510,113070,113340,53520
030823,113350,113430,113130,113310,21586
030824,113320,113510,113300,113470,23816
030825,113480,113510,113220,113340,19723
030826,113340,113570,113280,113500,16059
030827,113500,113710,113440,113600,24467
030828,113610,113940,113550,113830,33900
030829,113820,113840,113310,113590,39961
030830,113590,113600,113420,113540,18485
030831,113570,113640,113340,113440,12886
030901,113440,113670,113430,113500,9095
030902,113490,113550,113390,113490,6929
030903,113490,113620,113450,113600,3732
030904,113600,113620,113480,113490,4613
030905,113490,114130,113460,114050,71698
030906,114050,114300,114030,114300,36431
030907,114300,114320,114080,114170,21494
030908,114180,114460,114150,114420,27495
030909,114420,114430,114180,114290,18200
030910,114290,114400,114220,114400,13665
030911,114400,114420,114170,114240,21172
030912,114240,114490,114210,114470,23687
030913,114470,114480,114100,114150,29934
030914,114230,114280,114120,114180,10035
030915,114180,114260,114150,114160,5300
030916,114160,114430,114150,114410,8187
030917,114420,114560,114360,114510,10412
030918,114530,114530,114240,114300,10668
030919,114330,114780,114260,114700,52583
030920,114690,114700,114450,114490,25798
030921,114490,114750,114440,114610,26120
030922,114610,114670,114360,114410,18040
030923,114410,114480,114310,114350,15264
030924,114340,114530,114310,114390,20844
030925,114390,114410,114020,114080,30949
030926,114070,114300,113980,114210,21351
030927,114200,114470,114200,114400,28917
030928,114450,114740,114170,114230,30241
030929,114220,114510,114200,114400,9584
030930,114400,114500,114360,114360,3174
031001,114370,114410,114190,114200,5829
031002,114200,114290,114200,114250,4333
031003,114270,114740,114220,114710,37765
031004,114710,115010,114700,114930,39538
031005,114930,115000,114800,114810,18976
031006,114810,114930,114770,114890,14610
031007,114890,115070,114850,115060,17383
031008,115070,115460,114980,115370,59244
031009,115380,115570,115290,115440,44026
031010,115440,115490,115210,115390,28425
031011,115390,115620,115380,115530,34261
031012,115620,115620,115420,115420,12324
031013,115430,115450,115270,115330,12403
031014,115330,115470,115280,115360,6791
031015,115350,115380,115320,115360,3240
031016,115350,115360,115280,115330,5250
031017,115350,116260,115350,115780,65165
031018,115780,115910,115550,115570,26702
031019,115560,115860,115400,115740,31166
031020,115740,115930,115650,115850,13256
031021,115850,116070,115790,115930,16262
031022,115940,116060,115900,115930,16500
031023,115930,115980,115670,115720,34519
031024,115730,115810,115460,115700,34363
031025,115700,115870,115600,115810,18998
031026,115800,115830,115640,115710,8581
031027,115700,115770,115600,115620,5702
031028,115620,115750,115610,115660,5735
031029,115670,115780,115640,115690,4128
031030,115690,115750,115630,115730,4383
031031,115640,115640,115220,115330,50242
031101,115340,115490,115200,115290,26973
031102,115310,115370,115120,115120,21213
031103,115120,115200,114970,115120,23385
031104,115130,115390,115030,115370,21351
